mu alpha beta
2.92457145186942 4.9758726126504875 7.390220741232985
3.043859731255461 5.001505238148119 7.3921624886128185
3.054492458619145 5.032771512628862 8.05761405036026
2.9805712673412943 5.011441939123748 9.138913337422004
2.996309026349228 4.984593853055707 7.069098273917874
2.943156170001716 4.957579377620327 7.196180278316977
3.0508094067551275 4.95154186190956 7.6106152057827545
2.955266764516246 4.923065335079399 7.549850795057628
3.015980361137036 4.963574894651353 8.461644542445999
2.952354485125314 5.050669030155049 8.756086993753646
2.9554447393456944 4.9423231648749795 7.967803879638345
3.0048848627476774 4.946916020511167 8.237207900811205
3.042700889482846 5.00889892812246 7.695675647531313
3.030310898936643 5.026424202824076 8.830841178801336
3.034648061223045 5.045291816169432 8.284244235597022
3.049208829718034 4.983024185990889 8.025449636687291
2.9751358547678883 4.940104281836029 7.087771124832782
3.0324507482713896 4.940407156420461 7.6375300383491895
3.0323129247986373 5.024819394773058 8.732313072725695
2.968548634632872 5.059610471795809 8.41801088793858
3.0064533318931232 5.027913692987276 9.013794906720495
2.97992206811052 4.955457922519818 8.297822474168836
3.0212099073447978 5.042855172177512 7.9996802282234105
2.9565705392705026 4.958560635399122 8.146681956208756
2.9823819014100894 4.9251340556158425 7.200448287799842
2.9847493260637026 4.997832656160134 7.321310952940053
3.001831103472854 5.034350367323955 9.033102832999532
2.986764241653637 5.057896039399699 8.930162463964761
3.0415514353948 5.014638210349256 7.8914870881292405
3.046227684395511 4.980809698362657 7.852505089758456
2.990115425632911 4.922443459727903 7.58278841452957
2.9379582088442997 4.979886247659904 7.935710554327811
2.960716223678537 4.996781342409581 7.4264871223874405
3.0049432093348187 5.061153694133204 8.473512524679425
2.958089030664631 4.936144458360784 7.512874228238995
3.020250762271082 4.952342967200923 8.09513856246686
3.023743047813183 4.951097456430217 7.269816027889221
3.022039523545514 4.942230034684357 7.287422000870228
2.9650238746412656 4.96157666540767 8.254316123765372
2.951844064337805 4.949127594054067 7.79458196347818
3.04332384328334 4.9890528058067805 8.144593107791698
2.9428364672752605 4.974377623484601 7.592422700988433
3.0051008017243452 5.023680525513521 8.94734674584029
2.940149809791528 4.994164084577997 7.777296609445799
2.9414303388367813 5.000052411008552 8.258049172101265
2.9882873917427832 5.048681053270478 8.031480846655677
3.0335557837112628 4.951343136734215 7.693757417193434
2.986635362897198 5.058762508011456 8.373531435892975
2.987571505592415 5.0552476706462075 8.22688775620052
2.9825323124988405 5.0483448385751295 8.049685592822142
2.9628400568414666 4.954882957650905 8.083259487033214
3.038444254677572 4.968474770865983 7.607327429591486
3.006520462029016 4.927932493034165 7.534875241564922
2.9586671339049535 5.044302951628411 8.509814568628189
2.9605878327989883 4.946653426263241 7.341818812665243
2.9684959215509403 5.050493788638515 8.681688791898072
2.955348600993497 5.040530581941568 8.345295800576281
2.9768374343438926 5.03278325996926 7.795301129522394
2.999988691160394 5.012453380648319 7.513658515842588
3.0295595883351503 5.037899795292376 8.251618194637716
2.9506660666035716 4.955901275340249 7.506500402363257
3.03759412877974 5.023847303590159 8.1731555870564
2.9665323277546554 4.96274622457781 7.266119974847337
3.039661880100461 4.978040814841558 7.6667547939202985
3.018112211799559 4.95419720045483 8.080976264836831
2.9564615138396046 5.031925523844228 8.626714763618486
2.96984378881537 5.050868576213804 8.640726022412753
2.9676561887045634 5.049191288482126 8.61175115401922
3.030373348535412 5.017264804623397 7.824620796870434
3.0118978458583134 5.029784299190545 8.853922901262138
2.951497949055895 5.015220369960448 8.51597544763337
2.9505243826422345 5.021635443055763 8.477320879323008
2.9536133351297016 4.962757386172622 7.450914375930264
2.9953996982021627 4.943131093540499 7.204882453957277
2.9813674120333373 4.929890366088383 7.578131317929627
2.97580927672844 4.937210431657654 7.7802906073693805
2.960147657015501 5.006703465774199 7.61523624203469
3.0210899356226006 4.974941967190967 8.334112785962114
2.9598789317656156 5.022007694617221 7.8138271470470855
3.035410214948371 4.964611658270636 7.8070936813799126
2.9903819585233995 5.012907787893893 7.544179204475949
3.006918934469841 4.970513917534023 8.386056380663128
2.96214119463609 4.942579243278014 7.6598032922172345
2.999699492406238 4.9359501693809 7.28677051575233
2.985489512088328 4.966093274882351 7.236816995655994
2.967245398450519 5.035270989265026 7.9808143219575225
2.9495427273334855 5.021606927366277 8.081797020475726
3.0155740019336226 5.047012013805634 8.349572692474581
3.0296899007370244 4.984951030835168 8.305113628696505
3.0208064780092054 5.002322990115755 8.60052109620203
3.036227696145377 5.0058244573926585 7.874542270668288
3.0224622330584165 4.999198717966692 7.560532991819111
2.954992184423406 5.025518689028886 8.508746683976199
3.025596811032301 4.9515239233200115 7.512614246754877
2.9490834821829957 5.005962337147951 7.82853480706418
2.963410173711755 4.952949770293896 7.373391423072747
2.9728615279428743 4.974664281177113 7.322845773694016
2.9623493343107437 5.032374984485759 8.016726654377575
3.039281823998961 4.995845988815206 8.002943303042379
3.0242782457355037 4.950179948483359 7.753441241198972
2.9511955675720705 5.0180960216405435 8.398000066686116
2.9644812920282093 4.986695581057946 7.4474882809275815
2.972238146928727 5.044931978829448 8.227957583651596
3.0257680178607735 4.993738707263616 8.433109347530605
2.9900001592758674 4.941171497151737 7.27644181481299
2.95910567131153 4.977283889064897 7.462366568256811
3.0128016772987927 4.941386841061108 7.713102033184266
2.9894886316652225 5.025998845678042 7.750840828019103
3.024530129832008 5.008371447265673 8.5517562404139
2.951422209917816 4.997181204814846 8.313901846979526
3.0224044747749423 5.0116629122103244 8.597963406978714
2.9748985654673743 4.939897143337372 7.727182073710129
3.00355472842559 4.976828287320727 8.436310401760338
3.0023062987090476 5.014403706591913 8.783766373213718
3.0027786350359325 5.050270132422642 8.557038727942503
3.002372203837424 5.032398391636937 7.883512630658837
3.0126237670763905 4.995919241388097 8.583636242117006
2.963542948933236 4.970373325022011 7.40926085964301
2.979501566962981 5.0408336021946765 8.761701240917175
2.9974881524046055 4.969100379768777 7.29008292875653
2.953367929095619 4.983702117185241 7.604841284587915
2.9803254837303665 4.936937144358596 7.647124293686104
2.97687678220959 4.952201205553636 8.024065719804831
2.9656897258923447 5.040247088982981 8.454491393540163
2.9589986750692217 4.960544479368747 7.946671337369282
3.0343570727231057 4.981603659375541 8.02306809892346
2.950338066414475 4.972651225397293 7.7192661597857395
3.015395403357034 4.985448837859487 8.441639135535413
2.9628296237685925 4.994208886328235 7.5549972606579185
3.023919411488772 4.964934911797042 8.03911224137439
2.9986864952726124 4.945729963244368 7.305375125709541
3.0236019713521873 4.957349005762619 7.512689675098399
2.9893957938388493 4.978520304495582 7.335682655468016
3.0109569414776436 5.045061024719055 8.44656192288627
2.9777884391882887 5.0287137962999555 8.773910624719587
2.984818097110148 4.976626274495564 7.337325426036956
3.011329521426447 4.955358686770253 8.026676297777321
2.9691653078088804 4.97230418847084 7.388946666779064
3.0280156298006764 5.025440430139529 8.30826442434168
2.968754529303515 4.970973899534089 8.24647497707237
2.952354864679414 4.971934429322318 7.934423655282573
2.9830001580939385 4.979323966247718 7.358081549075523
3.0214209469052205 4.963648091918639 8.038465325688337
2.9984948498115926 4.943470700243486 7.848775815871514
3.0198813358627556 5.03072498384721 8.566921476424502
3.0168263471236796 4.9676675250998 8.17233590393185
2.988822340552929 4.936184075050226 7.4849809410140775
2.9691137544084976 4.965928001344038 7.383268339325733
3.0134414079415404 5.0070183689173176 8.628929218923648
2.971846059859977 4.974130188744606 8.310345533659662
3.0276582173053947 5.021055859866423 8.063043017727251
2.9808904477700082 4.938212221641155 7.56733481404781
3.0338884866895373 4.9939842475520555 8.114921092816754
2.993831349960738 4.974904674456863 7.337227507888614
2.9576132216608206 4.965479828509005 7.949963243271014
3.000456388480921 4.974143361222248 8.368494411054122
2.9680790661939453 5.032170454533568 8.058967036583075
2.975029656082282 4.942552689141185 7.4727572575329635
3.0076420493177953 5.040932245683827 8.63833810939577
3.0011767456329563 5.043407769102427 8.668573278899645
2.9874995647570675 4.937132911480683 7.521372542249804
2.9532095715761693 4.970412964370378 7.875011178354015
2.9588199783277562 5.023770088159151 8.442325058153443
2.986866778357749 5.046624736253391 8.330612187074347
2.964026871963222 4.981433206207884 7.495783913732761
3.0001381929915527 5.021303998766289 8.763724028529854
2.9649612814889172 5.00959086409346 7.721381521970866
3.0100240725473446 5.022019233916502 8.702773215002779
2.983774823068333 5.046851511107493 8.504429416858612
2.956042923403337 5.020271877246119 8.087241994214988
2.9701133506859567 4.994662458020213 8.50956580850141
3.016205043208017 5.034140607203074 8.55442662239481
2.999184886866079 4.942422571128666 7.769438345932364
2.966269620605364 4.993071531569224 8.4527561664331
2.953297949426605 4.976412472881122 7.991071813140702
2.9793808301826576 5.024459893566245 7.823160453743034
2.9672843307738743 5.037200959020485 8.412779704782436
2.9595285537566896 4.958952670884373 7.616004232567041
2.9502644327453336 4.9989004683862515 7.958340006683693
2.9585717941372174 4.961150610743004 7.823000819047266
2.9646774266217326 4.99514368963713 8.448786773030756
2.9860336404495538 4.979884001904063 8.434019939033327
2.9985302549499435 4.938950058778826 7.593072473962144
3.0159629958219507 4.951331843328242 7.500812125201461
2.9936694430615614 4.964894893671566 8.234664814999714
3.020283769033316 5.011064291676286 7.775524195192778
2.975817429126054 5.019363343330851 7.77185094411702
2.958617551727788 4.975740878800733 8.123846847746456
3.018502501205295 4.9585139357170425 7.4853252931060865
2.9885021540519405 5.044680231157761 8.624793142740927
2.9704237850182746 5.014135155963451 7.74111249425458
2.9597916578042986 5.0221757880560896 8.443609686537147
3.0118071784238993 5.026987892465381 8.666018322177093
3.0136383405836242 4.946801937783486 7.601606530463515
2.9933715292979817 5.041494050000946 8.694476204633183
3.027140355423353 5.003571723174768 7.803280970928569
2.9746905764138694 4.994569478513182 8.533467969398307
3.0154806905407963 5.029701727017559 8.038584425046427
3.027355692363413 4.969447969217055 7.654220832957691
2.9710022868110424 5.03405910028209 8.109230143065812
3.0092847101888442 5.024567783016261 8.68959235159149
3.004628194309537 4.958466651524706 8.085097741102938
3.0278403941336878 5.01261347638002 7.9638627416159835
2.9896388166363597 4.93906862771254 7.60085544338324
2.9654245346998325 4.972410853261927 8.180813066512437
2.9535609443380495 4.986522011850761 7.737950529034977
2.9650002814930403 5.01380978988027 8.548351332197164
2.9844081252674264 5.022830925533059 8.74145915756928
2.956774473725134 5.020654984614429 8.186658838731473
3.0039075027254043 5.020676975799994 7.787387780997105
3.028246163807417 4.970422893902788 7.7337242454988875
2.963255907596726 5.002385570586258 7.691511695196297
2.9903969827140124 4.962828411173438 7.3335634413706074
2.973648602978529 5.030076222240416 7.993598890679721
2.9970496597013145 4.944838807429529 7.809961461208753
2.997685020949169 5.035660712844847 8.038496984708864
3.0248965388791103 4.967536103706226 7.614917396453836
2.9880866473365586 4.962993762405365 7.3388629363956674
2.985381372930399 4.966984687827988 7.351165905122627
2.9709786828043923 4.9488848530759455 7.7338776027812255
2.991464256447156 5.002999153172033 7.5606164646639575
3.0129817484578965 4.983160303397452 7.484809670947746
3.0078673241727882 4.966147282012346 7.39234000683029
3.0309151513297823 4.9844911377646 8.00132187669241
2.9640479010498306 4.990126533184459 8.361815488131942
3.0305611269113246 4.998578141834705 7.900896556021526
3.0211206336964143 4.98128258397449 7.5619327346407905
3.006302220073949 5.017034877655279 8.676996574276185
2.9765111659587684 5.0098666950397 8.636377254397322
2.9882486396762986 4.977299514205905 7.389309913384886
2.9954927729909593 4.961236820429253 7.347767406736856
2.965086615251093 5.0311358105983475 8.381842665141974
2.980943719739927 4.970268707373277 8.259879722508362
3.013025386470341 5.015036260695526 7.786233207746457
3.0060265817237135 4.946400457715255 7.481757087839939
2.973615031136971 4.980276817401868 7.455300800902757
3.027022988574209 4.99536384799483 8.259402146268075
3.0120964517675635 5.035859683178131 8.508502410622304
2.979447968433382 5.016140206015939 7.742639210537271
2.9694811421352165 5.030354240987853 8.090185749536955
2.9928872164425133 5.0272754615730255 8.730655786069505
2.989790598597331 5.043948141900457 8.391503810620453
3.0003397957394062 5.021656482035205 7.810012477445061
2.9795735298502217 5.033008742793625 8.653804931347912
2.9607506601646607 4.990020896730363 7.650012302217474
2.982230633699073 4.955770537433751 8.011213083377708
3.000872401909367 5.008623963542907 8.650721792058315
3.001368539654836 4.99107937981115 8.507070575099233
2.979447058970816 4.983190161917818 8.408151837768123
2.9629588773928828 4.96594209412593 7.55765968455565
3.0175837211629872 4.9925584175995015 7.610036272545155
3.026438735238723 4.979262456297888 8.056087705798268
2.9546410211471352 4.995926378015764 7.856989393357493
2.9962010376946986 4.946311506351736 7.7959839214209925
3.0194645405608274 5.0124906273994405 8.484587329635405
2.9568124758501257 5.0149569255423065 8.161950093205304
3.0104972985460012 4.989247504561048 7.5286328686059605
2.9665041649038737 5.021364879605884 7.960937425610628
3.0224426894306755 4.993351268887274 7.683756850842829
2.985730385569998 5.013694503717938 7.706601122726461
2.973198020346963 4.9939297765660795 7.561572880466469
2.965270515823517 4.9689214553061065 8.064848265126189
2.977484131502404 5.000080771320744 8.554156188449273
2.9554383441258207 5.008872173455399 8.046648980417263
3.0173777409015754 4.955693207576588 7.646147831050384
2.989132228765876 5.008771392849789 7.645700000788437
2.998057539914138 4.991433973948298 7.494500648970174
2.96414596652009 5.027201850167494 8.203105389130448
3.0220317818858247 5.008643264973316 8.41727009987323
3.012503307827463 4.965121421892612 7.460512698481439
2.9715921908814575 4.97314085475161 8.210757316143468
3.00987891151818 5.023433022207314 8.61945563274055
2.9841365584738715 4.955294150911536 7.990150192923579
3.009443064367046 5.017926723790604 7.8279578064381985
2.9736256616125245 5.017260687809236 8.605239184837458
2.9960163989349726 4.947806742915936 7.434392331791424
3.0237059718714168 5.013417049080309 7.970649547900669
3.0125531800045224 4.97428711740099 8.216723796024688
3.013083696523175 4.953183868202667 7.763540710267797
3.0186370403505967 4.958111709695736 7.687755052460949
3.004586609921388 5.038570459672916 8.501348818586008
2.9992134052322195 5.0402141067911925 8.523699809983876
2.9582660490018267 5.007164056096887 8.298124708173415
2.979757039415842 4.994135306453153 8.504414515262058
3.0255673932904745 5.002219792240144 8.271601642418013
3.002882138183459 4.971344261385979 7.42124590434571
2.9813179428153513 4.946450642098983 7.681919600388597
2.9910557244348186 4.986116824063525 8.448084828118558
2.9792317313814323 4.959315574215649 8.024599353074969
2.999611280100496 4.999058034168799 8.559266452658713
3.0256726450224147 4.973217120135001 7.839436862100209
3.004995096714613 4.9506046295192325 7.80643152578587
3.003631524372829 4.988083440581074 8.439553708823846
3.003754670468703 4.997325000234468 8.526896225375575
3.0106007042750904 4.971682795841592 8.181845485123896
2.999670506462725 5.006608716451603 7.652898485984599
2.9632527490284275 4.9934024072786585 7.681065934619701
2.9691072724170016 5.026270082654464 8.07629795018834
3.016790000896255 4.957908286473997 7.650821564414771
2.9795551182892117 5.037019576085432 8.50509048871553
2.982929322989549 4.987737145011588 8.444076434080372
3.0161529396546687 5.029486992383341 8.30658819443067
3.0085063779225125 4.991053055256052 7.5546550110985
3.0006431877485156 4.9963523343945715 7.561266666064447
3.0008628516852855 4.968040598499454 7.4147490966361085
2.9930010342342728 5.026626973575674 7.924115973637047
3.003407578346974 4.947340866901126 7.623926467652257
2.978741817438679 4.961435781804885 8.050436102928286
3.0040926826613203 5.0181817777214395 8.63256520648334
2.965970389685414 4.972014375234797 8.084971468870725
2.9871134914289534 4.960464814759214 7.400610277626193
3.002355777607093 5.016585922925653 7.791324192791256
2.9876291680757023 5.040231284013559 8.421378981246924
2.9842251817367864 4.95585384204996 7.421566663849162
3.0083783117160356 5.035407417117879 8.4069101205958
2.97230289923513 5.008683450799092 8.533506490149803
2.995555418133878 4.948469688762228 7.793461039884493
2.959098315691138 5.0126785283588555 8.059100581880474
2.9591253194578613 4.97696645153475 7.7095107440529445
2.9847961720567677 4.949814118840384 7.820372800371943
2.96966662997424 5.030799523866866 8.327294032591572
2.96130464340834 4.988923283281016 8.221684374954247
2.9737235757345943 4.972479382766594 7.47791565427112
2.987844397216537 5.0335357363490765 8.089915289889223
2.9616489133165764 5.018838458963898 8.136190870892078
3.0181931424775272 4.980300523472239 8.19386101519623
2.976215793006186 4.954331507211872 7.859167646094684
3.015570670854391 4.976568545134443 7.54778505940481
3.0271324482844104 5.0042061361171735 8.095156326494324
3.005565928828258 4.957939013482922 7.96394001891641
2.997192072249292 4.946622847089616 7.687280243046423
3.0267585605198843 5.004886092299997 8.141482523226948
2.959891177724221 4.979047361762521 8.04742723745559
2.9865160616375324 4.9724182666377255 7.42310339783817
2.9756687230947816 4.977168402359011 8.265271703365464
3.0205994466558765 4.982983151975573 7.644610353108316
3.012780457540069 4.9687544522854585 8.08859310097029
2.9675416235715684 4.97206838929305 8.097257186394954
2.974613292383426 4.95454376111401 7.828522196944179
3.018256001510755 5.023522673037967 8.14800776746298
2.9704318765588313 4.955587789928515 7.744471705845257
2.969823921766147 4.959608822836988 7.557672737974485
2.984878465149246 4.962426450436755 7.418256526656842
3.009877004463531 5.03306663935401 8.283793399210607
2.978623006689167 5.030336072192395 8.56935931005418
2.9667183232543954 4.991665384838833 8.33056609830287
2.993642726711772 5.026299073977089 7.938395862118492
3.0200928485044534 5.013913116038084 8.384819449655751
2.9561144991772186 4.993795768274936 7.969382013632757
3.006259804185566 5.034633230706392 8.267804603294925
2.9772711024653957 5.008409134609058 7.7210121142039085
3.0269021881103693 4.9881800544894155 7.892829834920411
3.01942120587335 5.022233578586222 8.199991528358256
2.9733938830400097 4.990055728917596 7.5763424651882065
2.988059516284708 5.024975697842722 7.92176818045642
3.0144779024742716 5.016795649877015 8.495376440326124
2.96398067722937 5.010545692876523 7.898913015321478
2.9888129437898927 4.969674212366072 7.422982364113981
3.0139212947039598 5.022903230621865 8.032557213736549
2.970005197988627 4.959388603660119 7.577157279719073
3.000944741621053 5.0330960852371245 8.567554601590128
2.9772154014508367 4.987155918506491 8.383215369370758
2.9622496243203806 4.980500883777537 8.107212344596826
2.9906881200309248 5.018279512432555 8.645400508334813
2.9925372927209892 4.946785039979363 7.63300831553236
3.019312342492478 4.983167235458798 8.187257250854433
3.0167621265004483 4.964343589422857 7.900754040570663
3.023684571839041 4.981812855908649 7.741448596110478
3.0001859945673215 4.998177393578454 8.51959672833443
3.0027469849598054 4.9754881872172705 7.466242346543738
2.9953987160400013 4.960023119976926 8.037926644789477
3.0019703122235915 5.034954998971812 8.501534718721377
2.9724635107144106 4.960097860256908 7.535647640560846
2.996441047075924 4.9735970912731 7.443196216321221
2.9850596775213307 4.991755026342716 7.543336325179427
2.9779116417770513 4.954363115492533 7.837149533992501
2.9909849157622266 4.947679115896694 7.565916187910984
2.9830325304397425 5.016589372456931 8.613300755152316
3.0217403764526507 4.987265356114248 8.17595853082835
2.9704689760293723 5.028630098311282 8.260534763060676
3.0193233114714713 5.011192201202157 8.377883039930529
3.014991238453588 5.010145838176891 8.459882480295986
3.0058514346054306 4.983269593363096 7.521967531091441
3.005683306655285 4.951846455133308 7.698027853247792
3.015570176558212 5.013114990889922 8.452767181757613
2.976072903255929 4.97020271278073 8.139024556747597
2.99643896757749 4.968607953156992 7.438190683533977
3.0046302263242497 4.9720445703395315 8.189842195931883
3.0156551398744993 5.0227987759718005 8.107485599568301
2.96334864114998 5.008607753226819 7.911931324655017
2.978541738613221 5.022973979432793 8.57404374602069
3.0097896848895016 5.0299326257421715 8.429681179777736
2.963728728367481 4.98894591421012 8.220722654919912
3.0107217249310523 5.0249931173936675 8.063424742668069
3.003346463749365 5.027386064297811 8.033234287572622
3.008549400693295 4.974016934730577 7.508640929044201
2.9622262019383934 5.010394309604338 7.98032751195427
3.023277062481477 4.9809176604919045 7.7656999659898265
2.9794038900445354 4.951200116523607 7.673200963025803
2.986461336571998 4.948969876170382 7.590397937468349
2.961533364505717 4.9773673198633 7.72114724696058
2.964017915406523 5.0181486606014545 8.279902979265849
2.969505216525217 4.996273204933408 8.377658366756084
2.9598636509917093 5.003243888695839 7.945743948780582
2.96448762722095 5.0149440367803475 8.340873663047239
3.0179037374210216 4.980139778763616 7.637557231246016
2.9683895963883096 4.970341102207282 8.03306836686152
2.9839371206935987 5.032619154646743 8.531765845738144
2.9907493125503852 4.949285421649927 7.7165612121577345
3.019145787247548 5.017982749978101 8.304570620708175
3.0098921902864046 5.025844170559802 8.484447505886966
2.965019804431845 4.984890309421895 8.188553660689541
3.02088503689166 4.994904634420839 8.245616412470685
3.0152204140644927 4.9897206599426704 7.651695828789396
2.974732392866892 5.030611488250724 8.261964330354965
2.9634294845400855 4.968868454408752 7.7784035135160465
3.0051917927280387 5.0271631953221885 8.059097361683456
2.980266625114591 5.028756443955814 8.081720884198646
3.0034439348687245 4.993360079938734 7.589143658300031
3.0078258547349614 5.005147561920894 8.501701189278387
2.9814609184170577 5.0347107186234314 8.373549728328184
2.958664067824659 4.98609870273435 7.876880180938977
2.987668157633145 4.957295743839818 7.464027121529673
2.9829715399345496 5.03435594499914 8.260489810994672
3.0058206714668003 5.031473730559415 8.213507061018392
3.0026696050363144 5.00011910840098 8.501099427584338
3.024098762842731 4.995162853048958 7.886372947088926
3.0132743252618734 4.998317968481573 7.704752879184964
3.000763747726822 4.950882681481017 7.682875057056895
3.0211384459352786 4.979190849061618 7.721517127340639
2.995476937154693 5.02897521728026 8.58594304196286
2.959699102134177 5.003624464694307 8.00060597011521
2.9759396778084577 4.987445308339988 8.347424143572741
2.9887048228294093 4.956220659433517 7.47410203049159
3.0038428544043256 5.006586290171089 7.721870196332472
2.9665345834237797 4.982562828535718 7.641350461844839
3.023846019266725 4.998848320487065 8.154600140352063
2.9690653613211815 4.983897278109843 7.614858242149884
2.966469137585526 4.968938521158554 7.645430670006625
3.0158048886256434 4.964691924055675 7.851192690572718
2.971990322583947 5.017449299660567 7.941856601274926
2.9680857871788255 5.00121691872957 8.375093591672684
2.974533759571038 4.986314558030426 8.319380211878016
2.996907016415802 4.962892780080705 7.459907818488891
2.9617300590329125 4.9753330306154995 7.8875993769896535
3.0041364600599607 5.032759923592085 8.402742218274105
2.9596177964154884 4.9851661898094495 7.991975338118243
2.996991440989089 4.971232366792418 8.18980887011196
2.9953557706272322 5.0355740219459735 8.418481271217145
2.977120756085703 4.955958439815408 7.578734378115635
2.9832796523582497 5.019688786033178 7.890912349650845
3.0130474437533854 5.011071037119056 7.862031670002308
2.9606211006236496 4.97898479066068 7.835678600754652
3.0050537885565025 4.954032270406449 7.621138512972073
2.989388731677973 4.971555615002361 8.197425674517815
3.0108036585919957 4.9798762696528325 7.56977030477151
2.9774423993280434 4.962005407062681 7.518818715240022
2.991586817610978 4.98717752063477 8.396515842893157
2.984088948432129 4.956712533736584 7.89846062752682
3.012256978589376 5.024859238615159 8.389618128846948
3.0125676660926484 4.960378623380853 7.768884967188412
2.9865257831666616 5.024979567097105 8.583231313250796
2.9680231140977504 4.970508364783771 7.994228019758658
2.961706217442215 5.005219347486205 8.217958310802576
3.0094781460677176 4.983023319398866 8.269703335766444
2.971382960882121 4.959623168105975 7.734389302846
3.014670582671177 4.983427793059943 8.211013702894142
3.0128472703986606 4.999630613162403 7.7319428113820665
3.0190353579259934 5.011931085761298 8.017411919519958
2.9840356271183572 4.96194871657775 8.00649348705489
3.017987328962328 4.994850042827976 7.76100282644712
2.9698170122555982 5.015013663000687 8.419166215354824
3.0190891280826566 4.972819867061773 7.7344361866591065
3.016019089284936 5.021059551358993 8.224694645961693
3.0225092776835067 5.002783486203588 7.98869433873924
2.9828299835306913 5.029531270307465 8.50436789220968
3.0177069181866054 4.987153181979175 7.70532272944386
2.984572749535773 4.954577448901504 7.545251114825248
3.019247950024351 5.003626950177382 7.886502645266793
2.9762987587469247 4.983711585014469 8.286602384259451
2.991727539971384 5.028667260768416 8.07326280230362
3.0170352383271477 4.9773755316951345 7.664190387089555
2.9896045646163234 4.968330681196518 8.13296400617816
2.9651985269568906 4.989851521534839 8.205267754617992
3.003490224993141 5.015272111602239 8.543973523909633
3.0033186459111527 5.017544133794774 8.547001368124864
3.0049315638649383 4.958813981959917 7.878428320426866
3.011231846945284 5.025530652402561 8.350484772300605
2.985949040135769 5.009545877815319 8.55063873938899
2.9823318714362923 5.0300612407262255 8.471083091841223
3.001032134282866 5.025902348223849 8.049832572398506
2.962487788463592 5.008072365265977 8.166715579474348
2.998934400819965 4.9605064152607765 7.9621862906592975
3.0099557270869397 4.9622160517631135 7.613223572027107
2.964469443519155 4.998866231008105 8.250003505645063
3.0155888677341385 5.0013313396825625 7.802639219897532
2.989275176009316 5.006749107967988 7.720916735656806
2.975200979217097 5.027757680892767 8.26422037781147
2.9748742625550384 4.95871733346671 7.770951240100539
3.0064394126521803 5.017007171347321 7.916285281980842
2.9940746458253686 5.019666952887387 8.575834668912748
2.9682716335985306 4.973413253168474 8.020020822777623
2.997912455272334 4.98933558003083 8.391486504110977
3.010876113835377 4.960738797231587 7.763898775075106
2.970335182293391 4.964454737264652 7.8472761045964425
3.001336753965689 4.979500246625145 8.263071946209365
2.962927238011912 4.9864201119898075 7.786726032183996
2.9898930636570498 4.952828138440347 7.743757836137462
2.981620724805081 5.0247646413629585 8.037799839211848
3.0069785073044097 5.025819781172718 8.44242127577396
3.0151055778522378 5.004996187744315 8.363067323975626
2.9682772135813407 4.970230811158023 7.66215112783277
3.000795980518742 4.956942631014188 7.557016450097098
3.0073463507335276 4.97305968270371 7.549380168312258
3.0205129003607305 5.00312513876964 8.213973684474004
2.9785259817437404 4.956010171574403 7.684374537652331
3.0094504614263555 4.985972841982366 7.6145284595567375
2.974001787793108 5.015921084987711 8.45864148633673
2.9979079380137845 5.0288515196223695 8.12351907862469
2.974845376917705 4.977957745413684 7.5710618407623365
3.0175000968861445 5.006779206653482 8.31091555385614
2.9721028560177882 4.961885925285687 7.7844467949891545
2.9980064830276594 4.965789385526381 7.496882495946737
2.9659871426813904 4.9706913302146924 7.83727564654487
2.9918790439797878 4.986872859096012 8.367875615774174
3.017511599168275 5.010365965607076 8.30372960506163
3.0000882201869428 5.028153667199296 8.123688306746038
3.0061418210783746 4.982147806875378 7.573361186757883
2.9842398446208374 4.959423782575539 7.52699606356103
3.0141216652467118 5.010441655085088 7.915901326127108
3.0119477245135258 5.023710119208536 8.241046335394419
3.010104715806947 4.960675032155307 7.711230917237787
3.0127809116616144 4.967182231697804 7.919361059489212
2.9857702506601558 4.953463417296203 7.699837602423676
2.963239148518965 4.986226031748112 8.073733201147364
2.9673153203171534 4.971797359582844 7.93808296269447
3.0184276222670885 5.010026937817978 8.020246895050768
3.002252260306317 5.028233598647972 8.156241174672237
2.966340951379627 5.013222767519187 8.055534992916604
3.0213277861259105 4.986596040741215 8.031045979541322
3.0134136973532906 5.005467643145274 8.381772122612333
2.979513525282754 5.0235051402082735 8.48931917956577
3.0034755012260157 4.955886148610993 7.703719027961176
2.981809286195951 4.961436702365648 7.534237523976364
3.0210033648263646 4.981284155520388 7.921861855639664
3.0077324152813487 4.961154641436365 7.614964561625532
2.967278775786195 4.969876254853402 7.868158378645371
2.9885462618954244 4.987065538539102 7.56135546474475
3.019836748547753 4.988894628811212 7.8030425391911304
3.0144712146473847 5.006806466828335 8.365337295860884
2.96691070642884 5.0138948946259365 8.285854950089666
3.0166339585831436 5.000361064917153 8.295386382041558
2.9668509268734344 4.9762813703393824 8.014138833941852
2.998591326706563 4.9552934150843315 7.783180482115286
2.9678351425008955 4.9687966884080765 7.733784148337292
3.020858920113924 4.998950525958195 7.931121478698328
3.0023814342492026 5.021786753005711 8.514974957979307
3.0181830981609803 4.9919126687198885 8.19463476194162
2.9912126711270535 5.028628621851755 8.117261079770193
3.0186650041736742 4.983968969123225 7.755570400633923
2.9798364750145563 4.990583516899325 8.362154612544291
2.971378382842469 4.964842243844905 7.850663203659401
2.9830501262158866 5.021174343099899 8.5260942779646
2.9627554154408333 4.995148629950718 8.13295402874636
2.9994962130659952 4.965950659908094 8.04675174361692
2.999989331328866 5.031077662993307 8.369331534577363
3.011569870206497 4.984716801427871 8.227415879682685
2.9859182166163674 4.990620243548991 8.389575930530071
2.9718817619442173 5.022890330074584 8.263526359052777
2.9766532567262356 5.026445634513605 8.205023712012709
2.9954813689420723 5.0064537967521 8.517489979872726
3.008764084647856 4.978066889016561 8.170172831115043
3.012188164892145 5.022407743007861 8.249832150380293
2.967057073462297 5.015502804497223 8.22669925051678
3.0096700627640587 5.0237335559211305 8.172173193332359
2.998450758133602 5.000869896345394 7.685477075023542
2.9651861429676476 4.997574036428722 8.221548205070846
3.004022027982187 4.983884897895475 8.284429198221568
2.9631297125110128 4.981958759446254 7.842254757362693
2.9911015514172856 5.022130056592665 8.546160626159397
2.9735067775840935 5.02299621427181 8.349519137106654
3.010664515286469 4.992875899245641 8.319307208232598
3.0062692071992436 5.001343737100446 8.429519744143594
3.0097124493224485 4.961703090886423 7.7408669972109765
3.016121407581081 5.006158960671536 8.311523607856564
2.9989271428530726 5.013969965180608 8.529906110059665
2.982752870046772 4.967478374971774 7.525107104951666
3.016119015909469 5.013990895084113 8.278945588148135
3.0048842756310723 5.010236898860605 8.481783250862392
2.9856813088679783 4.954702287029239 7.6771815561250065
3.0212536852151466 4.988081416037267 7.972350735582933
2.9727684515973767 4.965491657480232 7.8841311435450105
2.994872800544475 5.011954261046625 7.812964259639123
3.0170804383398537 4.977945312957783 7.735008747108014
2.994814223018834 4.957480579166998 7.560005355614653
3.0075378283547494 5.006995350025831 7.810263551644297
2.97465599169689 4.963000376870109 7.850710374215076
3.0204110853608386 4.989681007128435 8.065570056569252
3.002578602570374 4.990909558822035 8.361648142300059
2.9704922920692094 5.0135815194580955 7.98738464213865
2.962874067361598 5.000318883496162 8.000124408132356
2.9722436152825256 4.96507638675356 7.843713320088064
2.976062904232049 4.985020983197517 8.259040048372235
2.9927632778181716 4.957905618595001 7.866953096535914
2.9800872913190886 5.0227719690120445 8.05040623496211
3.018307941830364 5.003543567345302 7.943475556962945
3.017624551716074 5.011485132253357 8.203586106235491
2.9645074631231267 5.001089454110641 8.192088358803392
3.0038564910164247 4.979349585483227 7.569049328301405
2.9671568471855005 5.002101956505886 7.872267168636351
2.974902149562943 5.021193258461415 8.089762740101198
2.9769648547059333 5.0195337309172485 8.013715611262507
2.9844741431561097 5.020676947610367 7.974267280889981
3.0089837514488242 4.964064617238909 7.648730225719371
2.9689501012956776 5.010477101681022 7.966022861561484
2.974886729904312 4.989917122754073 7.658296823386113
3.0088095925017537 5.02434813847501 8.24728947581489
3.002213489093863 5.003095659296435 7.734367721834222
2.963946632314278 4.989976231871427 7.84302534445279
3.0178661648482628 4.992584595367405 8.175522804403538
2.994300696035286 5.030863578218485 8.367743259793679
2.9624662310529337 4.994172541931426 7.989235487275703
2.988934362819972 5.022171443806851 8.523135460593595
2.994257102358378 5.020534802511119 7.95971061333025
2.9906776786432347 4.981824256161814 8.284173427200741
2.9768761990774344 4.960613109697501 7.671409506757065
2.9848447423877653 4.99428731829948 7.639574758892074
3.013670065809168 4.985362422777386 7.694435989439431
2.967758440657403 4.971320566004841 7.799717071691142
2.964347379286118 4.992347214956153 8.121140714833263
2.9850919474194715 5.0201556548154 7.968115538235536
3.016521095395552 4.992503439918879 7.790022336144892
2.9668868488203732 4.974714568428881 7.912375340337828
3.0136477309781924 5.0073602906257815 8.34300711167894
2.9790015355812987 4.9653936586926735 7.965798283905073
3.0062272994729518 5.025904457233136 8.292030175812306
2.982136003325345 4.960188868780389 7.592883334475418
3.0118053840139973 4.966912744521842 7.847630786387442
2.972684872788831 4.9943234514600965 8.304666899323527
3.0026631022406516 4.970910921330603 8.086702361005639
3.016582854418996 5.002940609881733 7.908133100060443
2.981661272263038 4.993955660201902 8.380620924588259
2.975881016692403 5.000348376866603 8.386048264304153
2.9778828749144792 4.975899113155998 7.580086139335194
3.002508939523207 5.026561220644379 8.187105600932039
2.9633671410218483 4.9887090477477205 7.909160919070317
3.011516446455272 4.987784323623671 8.23233177933248
2.9965548946906773 5.026510749225791 8.46614012791825
3.008697546018184 5.022631567201602 8.178455786083417
3.001093144069676 4.982401838127963 8.261360705445354
2.982271211423419 4.9602663684358825 7.860842905872026
2.9937004086656387 5.019234417988511 8.522938840580636
2.986242217972465 5.01030680287296 7.81203497867874
2.9778869079684167 5.003305068175279 8.420644827656062
3.0016865296798967 4.964079537722772 7.569425635962061
3.008714473460784 4.973992654809426 8.074513486869467
2.99497244963747 4.985692422921445 8.317827153144659
3.0031906713525487 4.978103014252902 8.188616124865803
3.003288701702813 4.97824708297303 7.5768039152114754
2.965456417834373 5.006439815065084 8.15346897704105
3.012955953075547 5.000502093126468 7.8194569889368415
2.990809043263567 4.969152621642863 8.085664099546761
2.9727138219544686 4.979266317359802 8.12234955169992
2.973026328613601 4.965633224188508 7.719426416983492
2.981291477145386 4.961387060394347 7.870183405157656
3.0182525172316415 4.985489674538857 7.825946194215455
3.018884146392618 5.002228508359169 8.136537485279131
2.9805247014289393 4.9876935753474045 8.302809036275457
2.985718997129074 5.004331800542693 8.466047453378394
2.998269692520759 5.0200635544599495 8.495005595960407
2.9994082457669755 5.025542548836386 8.131691254079552
2.975303222492837 5.021379079396552 8.342260128464883
3.017727018026788 4.981158155262229 7.825938491752822
3.004227660183005 4.963789757410283 7.613617549677008
2.9798370672128733 4.999826696762508 7.726885309363814
3.0044478098865044 5.016051841228791 7.952898381775552
3.0194554344376066 4.997092654888484 7.981047668107928
2.9904918548359714 4.99056770343095 8.364735855059429
2.9681103200211485 4.973365163846965 7.832135092288094
2.981668702916218 4.958818473972367 7.717535825990149
2.9888096569257625 5.0215313368020995 8.007916697605319
2.9968010759687598 5.015709581613831 7.903678726554059
2.9718880661561506 5.0051772353133215 8.34189323670342
2.9899693816487014 4.969502449609291 8.083593086772076
3.003000050478228 5.0142409143421025 7.911749591083055
2.977929224684492 4.962464130622271 7.661662081316112
2.9772201245527614 4.967935829545775 7.972034478958409
2.996280032207308 4.998210831547969 8.425365473921648
3.0146953097736247 4.9752851502157105 7.9499019898797565
2.9843479420666212 5.027419719616567 8.363604305386472
3.013388699318564 5.008621330314886 7.955293894158116
2.9757392505851725 4.970965231044245 8.009654677973096
3.018612966022816 4.984990036573674 7.956441509146412
2.996515195904823 5.020007164756157 7.987805234957863
2.991016183835902 5.015087840602311 7.891475085531509
3.0018969241012314 5.001299396208495 7.739361649040044
2.9723581817089344 5.017600975954082 8.127538543993895
2.9782252340824957 5.020492329183668 8.402939551624852
2.9916307282404646 4.999405146812626 8.43645045364626
2.9667176342678045 4.981298067385909 7.797266764974971
3.0139081868015936 4.990954983215221 7.76451578803705
2.9770497237002824 5.004369119766508 7.804139961738339
3.0042338167349545 4.989884727577189 7.6548986351214054
3.0155361853012943 4.984152105596506 8.083892245603254
2.9984652519428017 5.027497193073163 8.357107944763712
3.0135087059318266 5.014423754967737 8.114248567679537
2.9808794934035108 4.960191661730849 7.764062982695496
2.998710431662901 4.961150777902557 7.604368436206029
2.98655808474553 4.970741964290259 8.088308996787458
2.97314195187154 5.014737203294962 8.027405967069328
2.9740465778665954 4.973024102529107 7.648455629508907
3.0154855355430383 5.004103074571254 8.243944429474249
2.984663029457332 4.9595097387498255 7.801601489335633
3.0080004409573666 5.0148330635182115 8.392127206484636
2.9995273636045585 5.016959702887912 8.476030390776758
2.982911856811365 4.960498218803066 7.643645286526719
3.00269948424406 5.016955586921039 7.973298920002561
2.9831544262595844 4.9629988192415055 7.602615334485162
3.008289075285383 4.964970551216415 7.756510789356319
2.977225265838623 5.022863732537916 8.236539349686753
2.975400924038445 5.0201475426652635 8.31793738495454
2.970815593856309 4.97407599476187 7.96001794007259
2.9869726693315473 4.965267042869282 7.565613121296703
2.9835451524271708 4.983283158315216 7.5999786224463985
2.9939530689413174 4.9611754652170905 7.590586749316004
3.007931556528453 4.984262153187862 7.659053819533018
2.9715124292776505 4.9833726741745545 7.702597042680236
2.9913107090288626 4.965965191838062 8.001184072506462
3.004693837671617 4.964185110494532 7.655099287110339
2.983252462683172 4.988530525381496 8.308184684826937
2.9680965404336686 5.000568791280142 7.904089863648385
2.9970753638560668 5.0007813656049525 8.4278356047774
2.9988995766573607 5.01796361927345 8.469160690309693
2.9955396644225245 5.010592012904215 8.479923211612457
2.987042482467884 5.014939521089431 8.482386278507267
2.974370919956823 4.9844740873901845 8.186387864524354
2.9673183359994164 4.987275805741077 7.810849322683358
2.992454462772537 4.992666614821478 7.647715076237448
2.993617561246956 5.021829771433126 8.039348295551864
3.012075800700895 4.971608352010334 7.893661721243048
2.9750815159367905 4.98399671564246 8.188128953121526
2.9993934563759 4.991878800240531 8.34514126383154
3.000626858131941 4.960066877441509 7.741223551095794
3.0135764711674806 5.010029516700962 8.024054242412879
2.968568774480988 5.006263888351188 8.228333503195836
2.990915326291412 4.958215008728832 7.741476472996464
2.975906491341388 4.972849596830033 7.639273945968922
2.9710705533319333 5.010743656409356 8.011932925340211
3.01099270569674 4.9738944145129365 7.9819951733111
3.003281946876526 5.022708489553567 8.150931060338507
3.005059717306446 4.975769292588107 8.102387815442288
2.9724125497988436 5.000690867324463 7.833095467364916
3.0130258385915116 5.010895379834021 8.266451022643743
2.9913172104627135 4.962174980249418 7.896249271561055
2.995532203502684 5.026910594870007 8.330199884936128
2.968144460647938 4.9846449926989065 7.795422583070516
3.017791746391931 4.9883320525328365 7.982522924004918
3.0094305043312195 4.972045596627886 7.6836607325771595
3.016691254109825 4.989307836589363 7.860560924935993
2.998056326190465 4.960611440152506 7.808338827940576
2.985946284206661 4.960057205916162 7.666998617682927
2.9802796891235306 5.013598983977132 8.427028071188829
3.0060119469680346 5.009637860444433 7.89643432640545
2.994927913904457 5.000003487332059 7.722849059386764
2.9803304265462134 4.999440045886647 7.747600998612696
3.014351037849144 5.010509033959139 8.119651229081708
2.9767560808894515 5.00405183853346 7.827746169948671
2.9976353230071413 5.006637034262604 8.447518424345569
2.9880115462748327 5.0229512884262535 8.431999045231347
2.9795346616142373 4.965879647361689 7.903564038235701
3.013652925012018 4.977424002510597 7.772159900752067
2.987609731758429 4.961524498317899 7.854794745855127
2.9909448942831802 5.024169490331889 8.418823622194457
3.0160381257544975 4.985076546649479 7.840196353208311
3.0096868228908393 4.986316771099366 7.707689928403849
3.0039377556468922 5.022850709637942 8.296343076921952
2.9756105676618967 5.015622039318361 8.045250699406894
2.9775240335668203 4.994499845405415 8.309191710132168
2.9762804271026946 5.018031662858962 8.101643385470368
2.9806282355654328 5.019038562614493 8.05390863652423
3.007725036264946 5.0166984934319805 8.073192908384936
3.001325687843731 5.023921187182775 8.325900936531994
3.011770784866537 4.9837353982111825 8.115377846055097
2.988188452826094 4.9771516266616205 7.582237379273434
2.968707196813785 4.978044862741254 7.87592143600639
3.0061211817459594 4.96784533383724 7.675894643232923
2.9660809427735795 4.991009523453303 7.9599797875196145
2.9838779601845777 4.973511882247078 8.093183813447812
3.0025353207403276 4.964567109330429 7.870475785402946
2.966996432464626 4.98629552993063 7.9994734674003105
3.008076414000245 4.983408320400027 8.166210455494955
2.9980012908350755 5.002065392199934 7.76013466701883
2.988692800142758 5.010107285390683 8.458123026742125
2.9730993983456844 4.970220662365637 7.783533273536369
2.9691674417767273 5.003515052361846 8.20900113834682
2.9736288102559083 4.989797416232219 8.212641377679677
2.98917633519351 4.965807685972395 7.590942694341415
2.999780303198123 4.976902293608959 7.600104987374168
2.975592548340054 4.970367224144366 7.688935451733558
2.990644083419185 5.008296249122663 7.8265685924706645
2.971540416566379 5.001127684492423 8.261949227057759
3.0074785601454916 4.985367750339928 8.193730242653798
3.0111046600439333 4.973161983436467 7.912728304038388
3.0151115789021294 4.9826537736696155 7.832303806420484
2.9789748066068986 5.010857885788622 8.395528892211013
2.985085495268346 4.985246064014854 7.628160925034846
3.013393084083517 4.9764103004671885 7.822647021326717
3.014938785997626 4.990966731514997 8.114925900058457
2.994896356525473 4.979656232982693 8.195733244503575
3.0150781076182573 4.99699847754917 7.907110247004335
2.9693411071878124 5.003573534922801 7.97204660600764
3.0141855138803875 5.008378251128813 8.14330549407628
3.011991142732127 5.012313597209566 8.218308853309859
2.989275486960194 4.961192527138106 7.813996326050047
2.9770357973923467 4.977085579411885 8.082016037205932
2.9710046806479573 5.0024398329838125 7.910927816603568
3.0106659567577236 5.01455064969312 8.22660923447219
2.9668676683235224 4.989690988966711 7.998917666850049
2.9764738965550026 4.97213652923165 7.671777835975082
2.9851871755103287 5.016652119936389 8.434769170706971
3.0032461513826547 4.989170602970545 7.680526351402274
2.9888852386715885 5.023741997433685 8.382167415815932
3.0153081933367263 5.004451762455591 8.078837954855832
3.016423808862077 4.989085399673481 7.924488813520591
2.969954689936933 5.007104965039209 8.198551998107561
3.010037872450341 4.994463847489183 7.786755352110113
2.9976990125605645 4.977089084062428 8.146564746563595
3.0128518276568093 4.979760757809932 7.998776001087247
2.9731235927429327 4.991564173899838 7.7670419527576
3.0125393080565988 5.01131444523384 8.158658869207363
2.9707025294302065 5.002794991608365 8.232490328527057
2.98576579028977 5.021294882559299 8.095957420568054
2.9868999271737358 5.01427165657743 8.444216402448392
2.9937330432712255 4.97272522929797 8.08639328675749
2.9949098896803896 5.0149428492800245 7.942676053108868
2.9746434990782014 5.016420218226787 8.183845279194925
2.9710274710581617 4.978733830720924 7.7711116705308605
3.011219857357686 4.99180621734941 7.786421487817144
2.9688460577297926 4.984287128046726 8.010222689689314
2.979675558008533 5.019684166268528 8.330020972149688
2.9699980090752924 5.008416009249083 8.108823754575344
2.9857000479691322 5.008968040910877 8.430489768562573
3.0066616516852336 4.982835049094033 7.681656029688504
3.0016777644049393 4.964120330691375 7.81660117223539
2.9794178142457293 4.98129886163258 8.160357104506152
3.0138029363441596 4.980411297738294 7.9598827686352
2.985877955172946 4.964352161496142 7.885890911806433
3.0114776805600316 4.973998577334321 7.827188861927198
2.9870819703904052 5.022745694212198 8.147174364363028
3.006587456279466 5.0130265887566114 8.001640104142083
2.974163434987977 4.99549054910376 8.253000809778992
2.9789503157649673 5.001679150737803 7.807284367763259
2.9879308102829203 4.967997738925543 7.985953453579178
2.9840251362458847 4.98805294334122 8.271539175326417
2.9812721786131853 4.9712910083821935 8.009835954884824
2.9833093207335954 5.022688226928163 8.214061179763899
2.973276493093924 4.974242047417603 7.748436436130948
3.0121045072271513 4.998901971344651 8.227765852615457
2.979265761213327 5.0202144617429925 8.27220151399261
2.988359011976657 4.970730443464598 8.039592628507748
3.0000312656589423 5.013164890120292 7.940592041261331
2.9774503781268757 4.9764219296403445 8.05930201459336
3.0022033277104896 4.992801773080319 7.7103329616904865
2.984581558759243 4.999341995507647 8.372271536358557
2.973714706350407 4.976835386504256 7.999920748129555
2.9923017856739955 4.982892592848411 8.2253483288002
2.979575771668916 4.978653817088814 8.11499548826527
3.004316596629118 5.013488346115792 7.990674563174091
3.0096189102091486 4.971982258514326 7.815845380224907
2.986032746889346 4.965518461226543 7.643543515627441
3.003406537674938 4.966270521018512 7.837261261637849
3.0019396523753694 5.004724466679147 8.381307456540949
3.00002088240117 4.984689584813995 8.223762615800931
2.9942016723136633 5.000644843959589 8.391151862574528
2.979698109314895 5.018132719269777 8.325588556718031
2.9998967608623976 5.0131421449963165 8.410694961755226
3.006982365732709 4.972697447734016 7.705088650652494
2.9731022956477355 4.980882038406317 7.745006691798099
2.9732210014018152 5.012515317357244 8.187380006518373
2.9897617702279797 5.019673708854689 8.063169226532658
2.989908008356683 4.985956957691829 8.255886296793008
2.995348467925292 4.979181956858808 7.6170045590933935
3.005739992889981 5.013739941022448 8.33687500251449
2.9956478949432874 5.013048996822698 8.427810674226507
3.01227684326457 4.97772826018318 7.849105395373818
2.969103661516766 4.9873148533311245 7.872629874732012
2.984381065039 4.971054899393253 7.626506275550778
2.9837703168444154 4.990742128063583 7.6903783462817135
2.9818728217264208 5.003423298423746 8.370017456484026
3.0119565307277667 5.009084897915154 8.180650631830902
2.9762602709606862 4.9760419855061295 8.01886967117739
2.9929314725291025 5.011690947774816 8.430939498777747
2.9978831459739763 4.979686921672705 8.16231275349468
3.0041063873611344 4.974294259924134 7.664973186619867
2.9739827896719095 4.980011480200707 7.734470502748673
2.9757476690713753 5.012769209788645 8.050924395711869
2.9683536672573685 4.996363265883671 8.044496347854569
2.9885743556418576 4.998208032020035 7.741135955145214
2.990813925666529 5.0018741623145875 8.393300248908309
3.0145982341873987 5.000875043445437 8.077497384337995
3.0119605745982314 5.002803019346304 8.216290340305898
3.0062635248723373 4.969255105309943 7.836523214008824
2.999067654066767 4.966848463562769 7.908340474628533
2.98590111732199 5.009575305124663 7.887287097587345
3.0033487943945127 5.0035190308868085 7.838811794280893
2.98877193339154 5.0011692335679205 8.3838493468121
3.011964865857444 4.9808525703462605 7.988203464176796
2.994467759874821 5.023254720701265 8.256113598428081
2.9960232436885343 5.0208013194865595 8.121923405251835
2.9906939785092805 5.020239718899338 8.092415247710505
2.9703885577672122 5.003017074655732 8.1548315649569
2.987773191778092 4.980562635908158 8.176224124235354
2.9790452344277876 5.0106664418691365 8.349457175953386
2.973757682902611 4.9796358313932965 8.025393210270229
2.9826756977608335 4.969005923357118 7.66051269629597
2.98818248460655 4.993105489026323 8.318767269207004
3.0135330107697595 5.003991831059224 8.08203789377129
2.9987292768210643 5.018252017073303 8.069070781858539
3.0051740703906527 4.968455513276599 7.801677449610056
2.9722969197308107 4.988841328768838 8.125801114273008
3.0115661958818114 4.979711415486441 7.967626101153131
2.9976939620220437 4.997633950666129 8.348493016176713
3.011463724220183 4.983967343210647 7.794793435064641
2.972636545566249 4.976493004871382 7.82016459578525
2.9730655209604517 5.008168771152668 8.226580384029567
2.9965338782534356 5.000925014639647 7.778863216542319
2.973914005740386 5.001283959919121 8.251571600744814
2.996280740568616 4.974493731498908 8.079423853485903
2.983415188090282 4.9669557792190675 7.887313770268522
2.972119100714257 4.980583359644676 7.990906149217071
2.971961697075986 5.006006089956822 8.019659456223852
2.996004813644537 4.964320132878029 7.833013381237474
2.9901711815691363 4.977738844068229 8.136849120055295
2.9780195742964217 5.016001937315257 8.276860269267017
3.000344920557376 4.968313745765958 7.670688862012655
3.0044308734541483 4.999313897997221 7.806403797168526
2.9936486164024783 4.9690906810098285 7.981556253675192
2.984585179062051 5.02121836266438 8.289972846794448
2.9930149877657017 4.978100234875068 7.622069715102198
2.985572130936837 5.013048585949613 7.9541604596205895
2.9894334982908033 4.995253647762414 8.336532344289587
2.9723246470031937 4.983427184410909 7.788456491813184
3.002102854026009 4.976801424371263 7.657404863251564
3.012292856869228 4.980005666534209 7.893523467339257
2.993874079204658 4.963316325038874 7.77380693934964
3.0068764604845644 4.985239657786512 7.725843925492018
3.0058848314382947 5.009358402975438 7.9624349896526905
2.996197768074889 4.9806674459955085 7.637264587607335
2.9854208080328215 5.00595397615158 7.8475564963074635
2.9822620761792833 4.987131665334634 8.22574041209442
3.0006144613983734 4.974309476592827 7.649225946619479
2.980574443448204 5.017835055448979 8.132773004134075
2.980422546595152 5.007496719228682 8.355212210377355
2.9837580368460004 4.992795443340106 7.718682699454437
3.0033314100229926 5.006719958746379 8.354004787459129
2.9695504604294785 4.999281874591792 8.021028330093413
3.0029130609694095 5.016227427675805 8.330782840322794
2.9994375416029473 5.021049438962718 8.238041880892391
2.9722142339497943 4.992009526215329 7.834849376425719
2.9961081818004605 5.0212135400326545 8.326749535041621
2.969267440836105 4.989133860668469 7.965104085995121
3.011970418921306 5.002859268012787 8.183569872165803
3.001527108723705 4.994128595561642 7.742433447382116
2.9740400814876105 4.99391352930956 7.819301031456161
2.9878184810888397 4.969131262745343 7.6433731596225964
2.9873863821392668 4.977665445884848 8.12133654811497
2.998288402268763 4.985963269049604 7.673089458792744
3.002585504147575 5.012903009571355 8.000530707345446
2.9892178496837336 4.964098745542605 7.732366616716888
2.985878385754182 5.019148035096542 8.34230106442893
3.0068004089504234 4.974564159461683 7.95657443173457
2.9752946043804207 5.008609884258888 8.004148071102495
2.98029340241961 4.972536283275307 7.973295603251135
2.9773139532099413 5.0135659677747535 8.268696565182577
2.97926783294169 5.002851350627406 7.8561799210757775
2.998327368167289 5.004231270257254 7.834855748855091
2.986212845008773 4.96729874629477 7.901568295870326
2.975588465923085 4.973634235911276 7.8867776411530865
2.9947450845019477 4.965784941516404 7.866644001128481
2.9890452274205255 4.9754613218962636 8.086145818092142
2.9852235853970033 5.0202742651066865 8.292293940659553
3.0120436481620834 4.989507899351838 8.086824077875823
2.986555126172145 5.0028766992391915 7.8144205820057735
2.969652853816023 4.9955173183380825 7.997048704374866
3.0093651004549686 4.97561372179329 7.868146071227783
3.0002950752380606 5.013062495062156 8.368781763529071
2.988436931197651 5.013897506504836 8.395094137851027
3.000490361883741 5.019635641403524 8.221182433756551
2.997011992162317 5.016607048373695 8.372954113060091
2.994865551683101 5.021260654979939 8.294900786593185
2.9895387294503606 5.021553785726994 8.277305320713317
3.006024605999873 4.971289393227756 7.797819106955274
2.985534404035819 4.971784219182999 8.000120227334731
2.9928566578290723 4.96553790082999 7.69263468412158
2.9775979564069415 4.9712609709348925 7.846980541191919
3.0024607734317614 4.976816925060866 7.67904866571222
2.9809298539682954 4.980095346146984 8.109070706954775
3.00909982027902 4.998295230058996 7.873151271440784
2.978951588465881 4.982072227128219 7.705224964949499
3.005983279154925 5.009420765533332 7.990176439306663
2.9712048038016676 4.996895526144814 7.936695387480576
2.9741208801791803 4.981261270207773 7.778932833575675
3.012041219630077 4.986836614114262 8.034794417346147
3.0130795514182607 4.99749239922279 8.083651434038574
2.9741295910230674 4.999114599553511 7.890426212589128
2.971238212846488 4.987239653021224 7.8724845342802
3.0069944776370408 4.994065362288303 7.804322926133801
3.0086374373913194 4.97765683225668 7.783382750814214
2.9852648243700375 5.019422535528949 8.29441539390013
2.9956433076588778 5.02062571248505 8.195240884563304
2.9813888143142004 5.000021773941557 8.314897708057153
2.9809034413724254 4.990859799649562 8.237922948039406
3.0071205353539776 4.980797986585607 8.056750483229367
3.009522380129459 4.987347134183574 8.107336469980842
2.990448394951919 5.021114458463438 8.265598803601776
2.9943104158649767 5.020354738336611 8.304149543478417
3.002666869866981 4.97110709706345 7.7191185519131045
2.9810383984351825 4.999069972837654 8.301841656791236
2.9989039677667435 4.97135696938521 7.970734209451621
2.99599164464189 5.004009338088809 7.837581597816721
2.98921153818021 5.000459122774013 7.793089886570458
2.9795299392283554 5.011640043272107 8.020373926986634
2.995523545391258 4.992505906931625 7.7222467492883675
3.008214668205069 4.983931285575332 7.773044968051289
3.0125157899424506 4.997152459447587 8.091093848213413
2.976892521611336 5.012703326199912 8.201913176982123
3.006241693419497 4.991802069340892 7.785577410118206
3.0073411131220245 5.006199764790631 8.261806223424799
3.007449625023178 4.98204820392077 7.759383282597007
3.003938820809932 5.006127377551268 8.314305421464255
2.9759297515894714 4.980066203227478 8.022606213909482
2.9831086007488636 5.015265690475654 8.322930347395657
2.984685334035434 5.0022790301122875 7.830233915856494
3.0060455557914203 5.013321999490789 8.204366711537093
2.97389313051452 4.979634569400627 7.945201232995094
2.99450222300168 4.979852351798186 8.135854389195934
2.9883686338172657 5.020072133504367 8.216908266213306
3.006385212993956 4.973588584703574 7.864984974570045
2.9939561255763145 5.017390019519583 8.080840306747444
2.983863566287372 5.0152839142863614 8.064325053401793
3.001910460248011 4.997482047230284 8.289963201334576
2.997626231349516 5.004118300307177 7.851456411169714
3.0087478119503865 4.987018128952796 7.801773729639949
2.9830999185853946 5.010687628904136 8.342763010014703
3.0023912070766072 4.972934198953694 7.954475738655688
2.9732074840014695 4.9972390165532685 8.158616678754584
2.977542296226925 5.013003214724637 8.160321172096342
2.993830378524618 4.968297407075475 7.906680558968203
2.9947076138385693 4.96884617133296 7.684386353535851
2.9954050692002925 4.9845057340104875 8.193827756808837
3.0037832114173697 4.996520946300252 7.807507500383356
2.989294885763302 4.984108167112067 8.190354156302657
3.009570702111021 4.984304618710146 7.819386426326785
2.9742948634727755 4.983231438556829 8.02649346179075
3.0123814757961758 4.9908859099418335 8.002405578399419
2.9794075333946153 4.972543269429256 7.899657004217753
3.0074068365783053 5.00268987256108 8.242710146496503
3.0004201697272914 4.976339674671758 8.042337430257602
3.005386137859305 4.999946390196884 7.865572700518017
2.985878458007634 5.018732010963546 8.216263966330622
2.9816008729859114 5.00847210205246 7.950315394263226
2.9810592904178908 5.007243136940166 7.935460766709151
3.009729769152392 4.992639201728651 8.133210000654177
2.9856068740455637 5.018410974099213 8.2533322460466
2.974920117370777 5.006371628447106 8.193250130587632
2.971931472032568 4.996232564388608 8.088421599706374
3.0001380334194447 4.968670015045378 7.796347794386314
2.9934404644869357 5.019372381429485 8.272634856838353
2.9924903801810876 5.007198402358547 7.889574036654236
3.0017835840244778 5.015052815804218 8.110328431211098
2.9768420599247163 5.010944709459181 8.188514338708945
2.9817961729909075 5.013301391947481 8.298131499361075
2.988700239060394 5.0185685988035775 8.157090801281651
2.9797946129116366 4.99582938609611 7.807503769835105
2.9803216224462763 5.011361942833459 8.2890665907887
3.0027071941423515 5.013733593735273 8.086515565054421
2.988988998811118 4.980305868865667 7.668347234651774
2.977318002488677 4.982477700908105 8.068261402986646
2.9911480110503548 4.994479131112811 8.294533246565443
2.979631987210132 4.972329363608393 7.874747537791572
2.9725106149515406 4.999668519731064 8.00314004427441
2.992092481901734 5.015494228434215 8.048720815153208
2.974430587503465 4.996796514232208 7.896356556953973
3.005546276899324 4.993180260768424 8.205214411880142
3.006110639582965 5.003247591323056 7.927219252443184
3.007766312869707 5.0068684218054536 8.210496815958736
2.973943029910442 4.998273504286045 8.160288825121299
2.976177642903099 5.0077327934392075 8.208152619249935
3.002211643848688 5.01554119922351 8.185524468293115
2.9840350656022774 4.9935023792857 7.761550251746843
2.983747871888651 5.0108715268610355 7.9859979853506555
3.008143662644705 4.98967955588345 7.824347033512941
2.9968173723228486 4.998985987151766 8.31537099488209
3.0060705639350562 4.975582202756837 7.807497630998008
3.002360544634215 5.01072804286136 8.300262811634258
2.9797288706594065 4.986450626652541 7.747519552455734
3.0080695835605353 4.996219211219763 7.877300736592778
2.9920516887398767 4.9925755978425626 8.272801506570714
2.9808523706504464 4.971374233370854 7.7935570655936495
2.9825651219572618 4.996282495637246 8.270097028477618
2.9921020544576797 4.971453693518505 7.966591695815138
2.986847088594746 5.01732530237568 8.280725064087285
3.0037233052861225 4.973362550847006 7.779461818894223
2.9921280905984844 4.967545918398237 7.831023093034954
2.9844283290275424 5.009718793963335 7.96463443977669
2.984712831011625 5.009009223492971 7.951178470452006
2.9839138055608725 5.012411637213881 8.02632871224024
2.997598407694783 5.015676742472141 8.303367513689484
2.9756109484625455 4.9910070357499565 7.834580357718853
2.9766589437262385 5.007518880666497 8.20777481514584
2.995880372061466 4.9954542125400545 7.7703920272240445
2.9988043668664934 4.989657562405862 7.737282436634353
2.996499767028959 4.97343552094624 7.690417389872472
3.0006211958478444 5.004635127658582 7.898763095815594
2.9939549032131567 4.98491899689564 8.182071481131816
2.982805739236892 5.0011938116878705 7.8544477676936255
2.9883377893962617 4.973634425562321 7.9988585396670775
2.980092719929719 5.002892419492281 8.274765658469246
2.9829806285036184 5.00909233834526 8.311537894164308
2.9796805433811424 5.010264860088844 8.25502595593045
2.9987545456195863 4.991685824827336 8.23874122180487
3.0047295681800614 5.011855193553939 8.136109269061185
2.9759841033502568 4.979705882073178 7.825129671395264
3.00678323574244 4.991367919769527 8.153410403836377
2.974912114584023 4.982478164772693 7.9772462148475
3.008745070545728 4.989157406673403 7.853459131837441
3.0066948754109344 5.00769360157524 8.201379523267496
2.97339067644722 4.992435065115593 8.07200256140632
2.9891724132556914 5.009969653598056 8.344674808572087
2.9939821802037763 4.976629200065291 7.682256103597083
2.9790921391405316 4.974695611586451 7.885811378549866
2.9767983382938352 5.007121249502175 8.192329158756205
2.9865881227421527 5.007857315045569 7.931888327361385
2.973155300574779 4.998136652661579 8.073600544305354
2.9872507412517812 5.01452016749492 8.310237769098759
2.9941956421172504 5.008444473346799 7.9326104662643715
2.994213872504639 4.996568294986298 7.784266909810506
3.0003616031820677 4.979099713720421 8.061213162089384
2.973267777987105 4.988288834589729 7.997599700795845
3.003226997552293 5.005492332497573 7.946489932021854
2.994965192109113 4.980767911047363 7.690547330349862
2.9751662701107584 4.981439360454451 7.864932801005646
2.979907409937424 4.998875799432066 7.861097207039216
2.985501072237779 4.981213259267646 7.703160240365337
2.9955192286385097 5.008721644142829 8.338281252156891
2.986141675064447 4.972067644287386 7.9351126038214295
2.992043576125323 4.975370868872187 7.685793343074044
3.0093556722739354 4.994003291843775 8.103419020201411
2.992355811157622 4.969757154840176 7.886912254731985
2.975367186712741 5.003548183180741 8.154739134065593
2.9754787826071976 4.980716796366732 7.894212015148213
3.005769463185084 4.9994731154385095 8.217878011887645
3.002520869359122 4.98629026456073 8.140836751696309
2.9891134361614737 5.017085331420872 8.18215470378512
2.9986059440514397 4.980963743541205 7.710964399524284
2.975929662918802 4.980905414151885 7.945347983964362
3.000313275666728 4.983896977314387 7.731941145746427
2.9878717292835293 4.985468198341361 8.170821633555427
3.0020766568597503 5.009679662122402 8.025316835189074
3.0026687268355174 4.976744257958499 7.97211073244554
3.0052360761345205 4.9997581422936594 7.903152422648423
2.9755227973801155 4.998252538659366 8.152312142946968
2.9736469549838027 4.995202273784294 8.061079854248762
2.9781673326726836 5.0090723593510535 8.168888357165612
2.987298533235199 4.992417794985217 8.242124318589708
2.974228193821885 4.998676357820298 7.999615761419214
2.9756709361091 4.990174550770459 8.091406675231587
3.003221604654518 5.007103226738991 7.992227123413924
2.9946722598174125 4.99843556665844 7.814337612091181
3.00288311411028 5.01202188717741 8.187510975802223
2.99209631484787 4.972147127155197 7.942782971713197
2.9815314633111574 5.001839133134202 7.894895643907951
3.0015437165993974 5.007443538623708 8.277607591325115
2.986978948105881 4.996153760138244 8.268900514948221
2.999684562655172 4.971949437299493 7.852081979328077
2.988646257420089 5.009108377758247 7.9634313985942775
2.975934470856914 4.987325286193638 7.850011324620705
2.9807884289892046 4.978155274964816 7.992694528156321
2.979705106087633 4.985224754043072 7.776677918390852
2.9766216540375328 5.006042518569396 8.104023431364231
3.007067751268975 5.005806374862135 8.119303311011961
2.993850467117687 5.015091037322553 8.108643860968275
3.0078653532628947 5.002620754597117 8.029838464679885
2.9825170542236803 5.003165050226783 8.27506801567947
2.986989944848286 4.9825949237039735 8.120616513361501
3.0056851829371025 4.998665097021258 7.907745037102566
3.009759993386083 4.993044186202535 8.00877297981399
2.9897378240787313 5.003914597399554 7.882729875787304
2.985411697488458 5.011306356695398 8.290670963424752
2.9936890087448265 5.0139211547015545 8.296149672757231
2.9882567840330045 4.974839344433091 7.71344993664237
2.9933285722243177 4.969977596041981 7.836754104330024
2.9984416293751774 4.997420413025511 7.8244431401405565
3.009429206392809 4.996516909298533 8.042727082955786
2.991700257381286 5.01376558348003 8.069969273817666
3.00712357542035 4.989542846666796 7.861843793058659
3.008991589503709 4.994951279121504 7.968907482327391
2.9932625614337924 4.987366493216449 8.185769951756791
2.9889197111687955 5.015050473929219 8.251826677279407
2.9815382237671226 5.009897786213681 8.062089612837811
2.9898151459098092 4.978898566171006 7.708688291029678
2.97527108865202 4.987119206584514 7.901914754713947
2.9762555163763276 4.998352047929384 7.951407694690155
3.0046432432704457 4.982153380843327 7.803920107899975
3.001408834875199 5.001807944776465 7.903397864298887
2.9787132207020233 5.0075059867724745 8.17278824791368
2.9900446403962597 5.006252033377601 8.314347960623799
2.9835698619235385 5.003076207755555 7.90786038213414
3.0039760348764832 4.9971098512221 7.878339552909898
3.007259554356148 5.002512310342682 8.124188287830837
2.998578391845828 5.0135525315836444 8.218311239861782
2.9811307210694613 4.979659208305657 8.006655731908912
3.0019512477706916 4.9980239347368745 8.230378051850328
2.9953111621056605 5.010531785796905 8.014767457460554
3.0014144694976075 5.006379260703986 7.983231867251882
2.998847748667967 4.985595347068585 7.752486295910346
3.000803313781316 4.977919172657536 7.765709714168048
2.976043806294271 4.984856509084309 7.90531334024421
2.9979565486004045 4.991837269892963 7.784608978361827
2.997792595056862 4.9828213896054585 8.101577340069328
2.984148568959907 5.008636110546794 8.26754822931681
2.9882774332176427 4.999527037006796 8.278057297096487
2.9978186879553226 4.985333367628597 8.135226445264372
2.987193182134237 5.007890327164074 7.971225884986638
2.9775662421675952 4.988533997814827 7.8506370104612655
2.983893888245403 5.009105969058857 8.024443426554143
2.9958111167868156 4.971823487732425 7.840690023102502
2.9800226039030298 4.988607739115376 8.119696018084895
2.9941115296553105 5.0109589046054115 8.291509324312322
3.004237708202453 4.982900560638666 8.024464458502178
2.979360819487005 4.978824507691792 7.8443013730005635
2.9805288454432866 4.977207672188413 7.83743404010054
2.984856852049826 5.012556407410501 8.134840043915453
2.992824862996531 4.981971541629486 8.101011272982536
2.9903045636811942 5.014444376885924 8.224838972117222
2.9799734394397164 5.001794438960476 8.209939183195353
2.9922548928630888 4.971728113825034 7.8652498582187285
3.007845730264947 4.997505714220288 8.07875903666175
2.9769002827719615 4.9844259199958065 7.972025574895451
2.992230123832677 4.992712047654281 8.22756775349745
2.9916783283687236 5.008369916097233 8.29910941825776
2.9786732530880395 4.981154461983231 7.844893523442166
2.9949149078207205 5.0142227350552195 8.19751593521858
2.9960823452051133 4.97246627329973 7.856510159807702
2.997416200261911 5.012157564193201 8.240905161987056
2.984650135802758 4.994844377176823 8.220682908551364
2.9909121101844955 4.994141187101379 7.79553907459308
3.0051595790585357 4.983535442424984 8.001397543172198
2.9838340359436977 4.997306843869569 8.231421313477929
3.0043267376100125 5.006970661583628 8.11647672569145
3.006411710903263 4.989128092477241 7.880961915406236
2.9986759435134367 4.9741571357981 7.805887515195137
2.977830612593584 5.002813934922527 8.140983445709722
3.0025105968818515 4.98135035719676 7.797316999534587
2.97586173718976 4.9925739975445556 7.9507647939477355
2.9860959749844174 4.997520966036138 8.244759286710687
3.0007158975880257 4.975954536775867 7.8228795610457595
2.9981181030467137 4.989753882746463 8.174803440812537
2.993080857871325 5.006403778968494 7.948431236060502
2.9770705227407497 4.987264356293417 7.88459310932353
2.9762790281585576 4.993005921120938 8.062438852511152
2.982700600584103 5.0051175637588665 8.23830214974532
2.9831675354107783 4.975972815398742 7.905535112440099
3.0018663123802836 4.988829983043031 7.810034508175062
3.0005586740840218 5.007125513788675 8.23601179764045
2.9822956217694196 4.995085707237862 7.849977115131895
2.9826536982416405 4.986968814349641 8.115444720175493
2.987416162332681 4.987428299614634 8.154314565421167
2.984561148677542 5.006366665354079 8.255044276818944
2.9940567398680944 4.972900292222838 7.798344680254296
3.0023746018188535 5.008207462449513 8.172096244952897
2.984778391446605 4.980542657261419 7.760701781309899
3.0033964152647314 4.980297554519363 7.840021262738991
2.9762475582581778 4.991143305405129 8.022865695713898
2.989734095941519 4.972581438046176 7.835460564254337
2.977787245259395 4.986203593226461 7.8759860787930265
2.986286577405122 4.973794050459819 7.834578604291562
2.9766523418344053 4.99888512986672 8.049090555523417
3.0012196425770314 5.008877304723931 8.092544218883903
2.9957328578898967 4.976096665086564 7.96179929257667
2.999038205756105 4.984446942809686 8.09290031973924
2.9798576070675504 4.981872234107124 7.977030644681058
2.9797780990979983 4.982561446429224 7.98881984741615
3.0047217902541035 4.988817354100545 8.073096045208686
3.001867414583981 4.982840022789156 7.803583615229547
2.996244389153957 5.011326163489198 8.228369053558119
2.983656678887083 5.00974287427701 8.185975480121728
2.998986513769761 5.008069424921848 8.235277673640848
2.9845454084069596 4.977191825144228 7.793045104433398
2.998401923985611 4.978080104598081 7.9765520154923495
2.9899657010271175 4.997597989923588 7.846357417765803
2.977771271816651 4.997424718109018 7.971936045548356
3.002280562587397 5.00561302639173 8.037075363036635
2.9994031743818135 5.002784579709154 8.237596889964726
2.999089192146842 4.987023592664364 7.791339550034847
2.9929053686060554 5.0127107988851805 8.174949574764414
2.9909492697628766 4.99164639587751 8.196587974582037
2.9818589893086154 4.991640538799431 8.143703963169504
2.9839071574187686 4.98162293434276 7.784689774447414
2.9789295529689186 4.995373037569449 8.124140577537185
2.9922389647027514 5.003809807311334 8.270741630184352
2.984829675586089 4.976361186830131 7.819326637479467
2.979606320529899 4.9936361733470935 8.123925108390749
2.993602206941173 4.990524926226835 8.181784335051857
2.991857731458735 5.00818008566513 8.005437279950247
2.9790875312677905 4.996748712573813 8.131089310822933
3.000911280262948 5.0064081162985135 8.198068863631384
2.993569321372629 4.999843196806571 8.252368380165775
2.9861036201632607 5.006861419015927 8.004276842574207
3.00487879615414 4.990071479506202 8.062882762750988
2.9824114062840543 5.006475737922711 8.050811519070933
2.9937974189315963 5.011962866637566 8.141013075423174
2.9971491652401463 4.9939227446054995 8.198237501941119
2.9859095400670648 5.01045459254044 8.160370815981135
2.985367871579262 5.008210518983869 8.21725010214524
2.990957436376325 4.986907782997855 8.136803775431243
2.9964568880225455 4.986110034797647 8.114610022565964
2.9963824271401944 5.0027604550529405 8.247601671267311
3.003543618033086 4.983749764362173 7.980796889877419
3.0020504208485814 4.98054758670144 7.938602060450323
2.9793148644983694 5.001508119608204 8.026580193362884
2.9917987594328928 5.0062950877430845 7.9775754152498255
3.005170146854326 4.988442275204567 7.913582631703459
2.9796211640893318 4.9833217989717165 7.892748937078081
2.999277522630504 4.979757803372508 7.804399723740088
2.998435550150499 5.009565621250776 8.159350592815315
2.983493284580236 5.005019161138179 8.204780045085993
2.977546335776151 4.993515649963198 8.01683300442459
2.9939888244270336 4.982937158391581 7.767006083536777
2.9904760573562483 4.99286541910991 7.815487363294318
3.0047831257421387 4.989924977803049 7.910938120752554
2.9920557687431253 4.974705913623346 7.833974546825704
2.9877890601144443 4.977639156081033 7.789398531164125
2.985349712315492 4.9807036985952085 8.007538620684535
2.9850875886065382 5.0029186518434825 8.223657931216561
2.992544337751673 5.002245368704623 8.251631172604744
2.9938137357127466 5.005990113608571 7.98230407514699
2.982805375247609 4.979256249060093 7.8609321418502764
2.9906354475079455 4.9753904194795 7.898964598689741
3.002668309584241 4.998160260300384 8.15602753352999
3.0014018152887245 4.980140090642535 7.913498868831129
3.0000535462481634 4.980461154744452 7.971233437744632
2.988334936293144 4.977046045203588 7.797077272120957
2.9856942413871295 5.000671631382018 7.920235879875792
2.979511027287681 4.990679737784383 7.900195421893206
2.987994673060998 5.008250465595684 8.22444120625002
3.004929167747391 4.994330166513376 7.9604873389793696
3.0009536833062045 4.988980336448426 8.10055336053849
2.998654528398827 4.9883061395055215 7.816096648454773
2.9945904149854314 4.976456593281695 7.8134947307583715
2.9857036473141143 4.985284815281264 7.798015045942636
2.9791358521729268 4.98663061775195 7.967613003562034
2.9792438130415544 4.986549073761944 7.938972572410181
2.9919994998587898 5.010254543637981 8.193383049751608
3.000479480994832 4.980009096303386 7.869852378834079
2.982109539684965 5.004290798711619 8.150197152672778
2.984673535729001 4.980966545765184 7.814758996709841
2.9803054042342874 4.997412070503574 8.12400475163906
2.986039415791125 4.979759566470165 7.977680075452676
2.9818105914257576 5.003761657209724 8.045526666840889
2.9870494792072684 4.99453217794987 7.851447148977249
2.9961993375354323 5.000985171841128 7.923760547047118
2.9964415029112503 4.987750873544828 8.117522344939685
2.9842897082639155 4.9790693403404775 7.855638804218717
2.979004148848772 4.992619189171181 8.047480503817312
2.979396962765154 4.997945094770711 8.002053087273755
3.004603120744518 4.991270181834859 8.029166087509406
2.9833121669052587 4.999893832945075 7.942988928807674
2.9951489304368017 4.992895923901959 7.833295477772144
3.002131130664656 4.997437809290966 8.14460289574364
2.9887765594866007 4.9936801247522755 8.184152870874007
2.989016177088348 5.008164396931181 8.21250663317268
2.981739239337708 4.994118655619919 8.126707444707911
2.99996689177942 4.988095531528103 8.088942181771191
2.99876461130114 4.979036199155897 7.904971654482243
2.9883989163521556 5.008012672259032 8.06318610594807
2.980427773190918 4.996914708757413 8.110061579321851
2.9970167962950613 4.991242255549905 8.14816864283381
2.9844505207974246 4.981830416269793 7.830346573390426
2.984109153047127 4.985076149190085 7.82835308034568
2.997948018555034 5.003277676275914 7.983592749668647
2.982244758093138 4.985223860351041 8.014957228919545
2.990819594055643 4.999250946604877 8.218483870771415
2.990573801284949 4.9973579644837 8.20796244339608
2.9909805167113763 4.994445128913627 8.186211436897391
2.99648037324629 4.979641607816149 7.959640165519788
2.9819877894609452 4.994216967158491 7.9104240357876145
2.992132773843826 4.984200261886527 8.067557443691197
3.00164965770409 5.0020213493637415 8.122052793416037
2.9798319426440707 4.993686900422788 8.04362544810488
2.991817395206203 5.008173468961336 8.082818684946558
3.000024148369254 4.993943891534473 7.894082300545037
2.982100873116354 4.996710056333943 7.944475866175031
2.985059573625934 4.998507349037235 7.927910178102849
2.990186282493987 4.9780375086037445 7.9141250579494375
2.9920280014378036 5.007385626867459 8.194117515866267
2.995839050964246 4.990424895472757 8.131462360363567
2.980917882372624 4.995886885009673 7.9671498832423655
2.9842969799557117 4.9811164319206815 7.914520404593265
3.0028152977701876 4.996176739878022 7.986434330314313
2.9893569573863337 4.9805361722630295 7.817572082329019
3.000770096114529 4.9837841702200745 7.901162212483465
2.9809600236563267 4.997775370951751 8.07842682341125
2.9881167320236406 5.001738760953102 8.200450414274204
2.9961741344753894 4.981334069506715 7.829852177212402
3.0031571618138186 4.991385693838162 7.966101800497122
2.989858950558937 4.991127783141626 8.14088240575511
2.981924373891741 4.991349787383838 8.067301792472142
2.991670295557088 4.996010609124317 7.879801479701784
2.9977707245918914 4.985441347763436 8.04343128390999
2.988403650756192 4.994192342995697 8.162126005677273
2.99362341009328 4.9951763071129704 8.173781457643976
3.001004083112637 4.992756829389303 7.916737826677651
2.996371753567066 5.0022342672679665 8.186677990904672
2.9983694081924774 4.984875788764303 8.020588478953151
2.999350579641749 4.98352789491053 7.878590267808208
3.0004014810935624 5.001986997632137 8.10911724768246
2.987868175205308 4.9869639193990505 8.07746670249113
2.9928726657287834 5.007532355647795 8.1337693112239
2.9880753513333262 4.988253989971878 7.835105854890035
2.982171687769682 4.99337384647686 8.078289911660708
3.00111743554994 4.989313499621445 7.907504218967549
3.002292315737289 4.996397396251584 8.058789696753752
2.9819577509232054 4.990623406510577 8.042621789141727
2.988938874929687 4.982870346318722 7.8266350728730885
2.9977231066179226 4.997577838519564 7.929660451125554
2.982834555437577 4.999613325534367 8.010699851941737
2.9866441044072927 4.998628272921357 7.936763071343641
2.9833182677169674 5.001782635633675 8.08813716189732
3.0017314579782717 4.996015327296005 7.982363830975868
2.9844481412793495 5.002509537095018 8.04039863418486
3.0020283623689026 4.990377744791705 7.951546311615967
2.9849904442328516 4.988230906434051 7.866581968254838
2.98494219356668 4.986322625177063 8.0280713901826
2.985511581113002 4.98852284424018 8.067512125283443
2.9965653121538227 5.003653773315418 8.157601653989238
2.996618314010597 4.986275320480839 8.047801896913398
2.983628917617529 4.984859136024139 7.940750637357251
2.9957434090878134 4.999397147689165 7.949635728791523
2.999920591270942 4.998235647767734 7.984466034816188
2.9956940340498948 4.990820356528236 8.108203158751028
2.9960114679519725 4.994044769404369 8.135208308488336
2.997680135011099 4.991636222362686 8.099200462460335
2.989601626137508 5.0046140930623535 8.04983810336301
2.9876664322729556 4.990108875716555 7.865837740276059
2.992341173922919 5.003423134092308 8.019289701518126
2.999269024610814 4.995710882642688 7.952801297479062
2.983962093439632 4.999556986014689 8.029235484490107
2.9943177131070593 5.004216756039755 8.146959115020806
2.988062241046767 4.985609177010466 8.028800827215283
2.9988705676630287 4.987906663537444 8.024916720724555
2.9902699394345706 4.992477672293543 7.877502309181975
2.9863910356437784 5.002660215621687 8.057830070795237
2.983635666022596 4.998825189781414 8.058997198923436
2.998582054438088 4.991241652814577 7.909310752086282
2.9912199406294238 5.005108770164007 8.108313015111284
2.98511296207554 4.99844097233147 7.984684354615168
2.9923876914681764 4.989700465027717 8.093945679654682
2.9965730090772187 4.9951217583468965 8.125848391441766
2.989546794737562 4.981776995629055 7.892541233260827
2.9841051262599008 4.990689977189432 8.043759725905604
2.988601281604174 4.995828065466283 8.139048205381593
2.9972168093387888 4.987349386206676 8.02933499904711
2.9912382998986784 5.00418761335442 8.130660690278525
2.9994124323036555 4.998231148410747 8.035714585016423
2.9891515290172737 5.002959488596908 8.133592040269964
2.9978500220913933 5.000955977085774 8.087950769442436
2.996279558115665 4.991660700894547 8.090711028818582
2.998156219338324 4.9895584858300355 7.909434263382299
2.990592342267082 4.986510761769122 8.038249870631853
2.9971847475040665 5.000807906268008 8.107643686102923
2.992652717230871 4.985168074193137 8.00961357668009
2.995827243688427 4.998814505774037 8.1257589049874
2.995123119038894 4.999340523289038 7.987225493866083
2.9986369494840055 4.996216724549452 7.994765384330391
2.9985322416135336 4.994298926885387 8.065408468270368
2.9867156721701678 4.996406262367425 7.963149529479382
2.987064990148137 4.994383256983015 8.09652643629375
2.993845674229102 4.990664595907657 7.890945254224494
2.9925638622913957 4.986395183343082 7.87593439794834
2.994189532331271 4.98399776433429 7.9298873519310265
2.992208009410338 4.991135739571206 7.893040109283104
2.9864664827908705 4.9921862980054525 8.064310880718592
2.986951313408742 4.98618696536599 7.92799022938104
2.992636078271285 5.00070234343246 8.12711847076947
2.998700910813225 4.993758803299714 8.034285604150156
2.9932341684883967 5.001544018345154 8.041118796105373
2.9907036183701847 5.0013100212177015 8.119207437832811
2.991808504868936 5.000806998062556 8.124992258996329
2.9866614969961653 4.9867554191647985 7.950262313064412
2.9864942719311367 4.987752017609398 7.984545152025929
2.990507375185673 4.993193264783518 7.918718623648747
2.9898620520376036 4.985133993351573 7.961878879533748
2.997378568482796 4.995498719692684 7.984684467155272
2.9976488340121463 4.993363053072893 8.047588250793051
2.9864525541592526 4.989168603979151 8.00094885545802
2.990675416709566 4.984845347662693 7.937611508172587
2.989189825399681 4.99359249919222 7.93249764348092
2.990256174938484 4.986683406347434 7.998206298926415
2.9920376399740736 4.9898140564533096 7.904264913965003
2.996846444084298 4.989208803396911 7.972176498035141
2.9921133647232008 4.999512275507671 8.020521321886966
2.987298059338073 4.992159838632224 8.042967288756357
2.989596710504949 4.98763092751066 7.998171761013953
2.9919897461854954 4.99795918367128 8.094110628272922
2.9956620255765953 4.996134899790065 8.0526897140859
2.9903983022928475 4.998484134489667 8.03063942583766
2.9900006462212305 4.989920113357725 8.023671624182255
2.9932575352942243 4.99704686549999 8.00294233687182
2.994789546709405 4.9910680402178125 8.023039017863038
2.9938608187513918 4.988779945212183 7.986393390262041
2.9935906491464848 4.991267648426663 7.945235837942441
2.993760805448747 4.9903734507482875 7.948420460777531
2.991573996115025 4.990112291679353 7.94629397489222
2.993464359817926 4.996954625503677 8.02982121961043
2.9905006553368327 4.991669691017079 7.958763793144076
2.991102015385701 4.996549933632113 8.020194850896349
2.9931107922923776 4.994096828572662 8.005276397160946
