mu sigma
2.981084937140728 3.6787959800623944
2.934269708309677 3.4816405011654683
2.8999946693046303 3.617679770403039
3.072999688967228 3.646602812923075
3.12155731132393 3.6113674903697297
2.990228227955858 3.482241009588396
2.8909895503190586 3.582584546507124
2.896357846631607 3.5784883861183343
3.0596309562107242 3.492624765181793
3.07749261410827 3.50320780383351
3.084590973473582 3.5070727886892277
3.112320462787077 3.5314538118364656
2.915084463168292 3.603690402449891
3.0168848237964365 3.645397797437603
2.94101684928658 3.5096467864610537
2.9329362086235338 3.620768586615034
2.9509100424570125 3.5042682696982763
3.118026830389342 3.5487617297617593
2.9409280723005637 3.511732858423899
2.9201693180516033 3.533651078906073
3.099959092211555 3.5264197693812505
2.9095585142747815 3.5736928227116382
2.9121687420633666 3.5771585369869414
3.014185280178375 3.4957462797216463
3.1118297256587195 3.5507939928087295
3.113920315294993 3.5651240221189817
2.9511158659086014 3.623827455898982
3.015988171529535 3.6384023626840345
3.056403740881465 3.503903409142368
3.048552409489116 3.5021477733532507
3.0683163954753496 3.5096149588526595
2.9161332044958748 3.557429608939576
2.9422186096976937 3.5199496953922136
3.109463992623796 3.577161027196471
2.953871083561105 3.5140147469265424
3.0415538818285666 3.632635204066082
3.000899280707084 3.6350909764482924
2.9655010067484264 3.626746567707477
3.1061367866813456 3.581527562323811
2.9818674660975564 3.5046758424575724
3.0762100677569286 3.518504804940403
3.0928018676571574 3.6021646210557523
2.9201111647628357 3.5721361152586093
2.9300287926612087 3.597234276690611
3.102879762684191 3.5834538725621674
3.0929030232391117 3.600455420712678
3.0727233385754875 3.617037212657545
2.997116285239585 3.6309164148531496
2.9220894410428944 3.565902766226248
3.0824092338810676 3.525893630640335
2.924250701472466 3.5760704405811556
3.0885655674833314 3.6017625227731855
2.9429275077738963 3.606873239968895
3.049458766757622 3.625226145007279
2.956585463286317 3.518583639726584
3.0546482719548385 3.5120921202766366
3.074536939757557 3.5224606463788763
3.0324039029670384 3.5069241267689084
3.0107705913729443 3.5056241302123077
2.9665936142715554 3.619138669492567
3.066562006218008 3.615680517401498
2.9289947962814216 3.580970185677153
3.0870200817490807 3.5988875076492577
2.9989091059007316 3.5075605504960676
2.951039708472994 3.526348371128779
3.091592335234634 3.589935432422041
3.0252488894177327 3.6264555780542027
3.0025388549955805 3.508244820381254
3.0662591330267794 3.5212843486137775
2.972166843732755 3.618965058944345
2.971158183866898 3.618262593835953
2.9299422384237994 3.5699022217058944
3.0954959302012903 3.575368428526558
3.072238356068562 3.608106218774307
3.0938231842221455 3.5556769505807444
2.950204067529528 3.529832689247847
3.0003912363728653 3.5097836858151465
3.048226239937894 3.51491883014765
3.0898425409137014 3.5874997044495647
3.0868659501311524 3.5423703067085857
2.9848521021689707 3.621447800367843
3.069273244989206 3.6092799711980645
3.0644659288570386 3.6119411717621617
3.0705121584394437 3.5266176973695513
2.9330964896035083 3.5581454855149186
2.937928728994594 3.545958457467501
2.9328769331056286 3.5741793598891713
3.071785473267626 3.527998201612681
3.092988623544489 3.55859123686119
2.939258825176267 3.5445619349914987
3.043475957342217 3.6199981437979725
2.9455527066914016 3.5364924017977084
3.0836188148974992 3.5405007349629396
3.0696596272054095 3.6069997389412634
2.969263451984122 3.613808307093118
2.942250114799178 3.5917152548861915
2.9901411186071805 3.6204407813078228
3.0326959339032684 3.621018651260589
3.076023393364043 3.6003917219344532
3.017568333160963 3.5121452688422625
2.977808926659348 3.616265978806235
3.075580175856827 3.5344745694490327
3.0889618753288866 3.5795590922546876
2.9378245499911646 3.553732679994912
2.9602977415099083 3.606974323472329
2.9627604991139695 3.5259446615742718
2.949492992299594 3.5977140822762443
2.9510597535862333 3.535378286335997
3.0425731016845257 3.617298780312377
2.936880204834601 3.56979875116725
2.953705911617275 3.6010970882309397
2.9684041140943354 3.6103410057241625
2.96487301869543 3.6082326343034588
2.978914140288458 3.614690945401813
2.939926106656532 3.5799838158352664
3.056025389865261 3.6110107577849537
3.069373426292784 3.602681720668465
3.016075827119481 3.6201295181129263
3.0533976862169787 3.6117709803917775
2.9805860956685075 3.5195693947617404
3.0381053860604776 3.616978599501095
3.0867481505093854 3.576348784720811
3.002876067133502 3.619433067218241
2.989561385360386 3.6170073846127373
3.0867526421500227 3.574641911156553
2.9482215318159914 3.5925674391983926
3.0853911218996117 3.555490285005839
2.9446115910394957 3.54743891270917
3.025279782179541 3.6187798472188186
3.075041020593777 3.595900779057499
2.9446264239452087 3.5484775687147065
3.0103977221995204 3.6189454762692126
2.940148157104514 3.563549046152095
2.9695091979596846 3.608611222430011
3.0856870506666505 3.5611515879005964
3.083461123517509 3.55334442018874
2.940343395795224 3.570794425491904
3.0321094435349254 3.5173340059985945
3.0804014656411804 3.5475398874334276
2.9862888972233192 3.6148710272330433
3.0159348400310604 3.6183347771197507
2.9438774970502464 3.5819499528413337
3.0643645930044823 3.5311140805568386
3.0839464181381193 3.5766698628625804
3.0161437637984765 3.617973833610862
2.9597466565233006 3.6013113333234448
3.081876236295102 3.552405538066804
3.0326689491794028 3.5182737169219624
3.0788787237060693 3.5870894788523584
2.9652158744539827 3.6046196035542972
2.9614789779088797 3.601966189900029
3.078091038868602 3.546522455892406
3.0355430718517233 3.5194237453766575
3.0839747889914526 3.564992760283473
3.081760056491716 3.579546630585066
2.9669338234262765 3.5293858383076824
3.083507939370331 3.5639859359878217
3.0308917518540035 3.518976396208593
2.946867538800425 3.5506879326505936
2.943985580238815 3.558866326222738
3.0648645227114506 3.600323889550028
2.9660297703188405 3.530754078432153
2.9491239344429 3.5863662577052633
3.0523918901178853 3.6076986414381276
2.9452072257318624 3.5770474562409422
3.0608198963654547 3.6026541995742956
2.9962878469623626 3.5198041022724547
3.0225413738487603 3.518797022973092
3.064284806556052 3.5994432093048268
2.9606031021423496 3.5981729862710363
3.0189597585066914 3.6152023924739978
2.9657855203262113 3.6018287364306127
3.0349447116334756 3.6127526690905536
3.000269691288218 3.5197133985103397
2.9476625728110735 3.579862932424724
3.0194414261779996 3.519266648950338
3.0244119878148568 3.614266728384457
3.057292002211753 3.603164755145194
3.0279405740729177 3.520509332697798
3.0691566138262982 3.5406406171258786
3.026915686104063 3.5204105708539286
2.9461463101426832 3.5701843626100196
2.9492215908779245 3.5526423099730913
3.059063254000547 3.601630950153054
3.0779807885789396 3.5779727940015675
2.99528253772806 3.5216893198621717
2.9770917323441455 3.606514681472621
3.016335332029962 3.520218230988468
3.007975546141722 3.5203507049315212
2.947060688201571 3.565138947683023
3.050073275932969 3.605781479427334
3.0721258928285233 3.5464696515510514
3.0374870235357694 3.609898480158804
2.9818685236953657 3.526499849371294
2.969211149044017 3.5329699857514196
2.947996136607039 3.567684276041433
3.0722662096651074 3.5861329441913004
3.077851216135248 3.5706383051557418
3.029217911468514 3.611379153252321
3.000210601176139 3.522125607224811
3.03944778832531 3.525232688597156
3.000952824353721 3.6118133095180065
3.0449222321081573 3.6066813856704933
3.029212795431927 3.610947713634907
2.993325531888188 3.6099854890583547
2.9792457731066757 3.6051072887229054
2.9971927336631907 3.523371045176619
2.9496848520017753 3.5638433232543774
2.951929337649248 3.5791533720949826
2.9608617972241404 3.5415471037592243
3.0653270040958702 3.5415814065374533
2.9680594702507084 3.59848040444738
2.9505578866412376 3.560161433472728
3.044603970668584 3.6058597669657426
3.018673511847358 3.6114659532413413
3.0313238832910345 3.609676699571386
3.053196017257 3.532524616869131
3.036640770165326 3.608328587658234
3.022187639813483 3.6110070083595796
3.0464622348927723 3.5292107656081133
2.9508252951751794 3.5608716043318953
3.0746241111090304 3.5765304387784784
2.995065310693179 3.609562412271443
3.075593664587518 3.562709565359545
3.0108105402686975 3.522732271847958
2.965581203772538 3.5383510962034337
3.0379278692414187 3.5264132042349514
2.9543130574997716 3.55222313135277
2.991028384189893 3.5256702079806694
2.976362343017237 3.602608294173625
3.070334839474764 3.584652757290306
3.069003956854668 3.547412409517024
3.0358049159237996 3.525885644920701
2.9803434522547523 3.5295267597789515
2.987074743250708 3.527024299193722
3.010525345277234 3.610843269676889
3.0545147466949256 3.5995903505813915
3.023635865114228 3.610004020476161
2.96855337334186 3.5367683268433057
3.0644082314710013 3.5912747866358927
3.0714638044358193 3.581166014203765
3.0731554566608605 3.557451358813077
2.954146543190572 3.5792415529160495
2.9898238074463386 3.526762428368531
3.0708003101023755 3.5521458364723237
3.0693551773818664 3.584216829015332
2.967830614631488 3.5960300858499217
2.9799904193179696 3.5306502692461024
2.965225752647354 3.5402056517249694
2.9705224602107223 3.597793525868227
2.9570991429939335 3.5839505771824993
2.963760749552886 3.592244502359318
3.0418150007890072 3.6049661072529204
3.021930047245573 3.524379693875269
3.014196588983518 3.5239343358481157
2.957420418551523 3.584028674314557
2.9828237698290443 3.6040299103116933
2.9560418149715817 3.55268358515192
2.9641877095140563 3.59216331954939
3.0531365532717505 3.5988741818804755
3.0635604627939244 3.543587947086246
3.0493742629299154 3.5329896851174123
2.9534562237560458 3.562272600874458
2.976806125890448 3.5332272525078627
3.0289072387468616 3.526026919604421
3.070312992123045 3.5793535952097653
3.0565674291748 3.53795708455825
3.013345909335107 3.5246855863284288
3.011904366569434 3.5247117028753467
2.9973685585153125 3.5262220266287185
3.0660015838596477 3.547419008280073
3.072257696372171 3.5723178906521587
3.065626150386789 3.586858753866397
3.0717614492676617 3.57437351809181
3.067995913334056 3.5507191699898315
3.047508424242142 3.6012206953757007
3.063588092711045 3.5447412948236945
2.955937178900347 3.5782808338965175
3.0152219370642728 3.6088574336677275
3.0723007846357886 3.5698913008712925
2.9896620691377236 3.5284259699394305
2.9712469786713447 3.5374470781513705
3.0281315466347603 3.607133214312176
3.070653899365747 3.575697110691503
2.9688265357752663 3.5942583387887965
2.95900913648678 3.5507885718416308
3.0622325475475574 3.544098262941438
2.9602509232510243 3.5849753103640603
3.0332113346390006 3.5278743523914957
2.994043266011674 3.6061175391401328
3.0658761475012826 3.585059678842037
2.96913068895274 3.539655665412127
2.9607787708102724 3.58542051516048
3.071680083207001 3.566778274704468
2.997759151275763 3.60680519184573
3.0714226519108396 3.5702493140426106
3.0669144475239305 3.582904081463663
2.9979180998949944 3.6066709405928754
2.999249878796844 3.606891457825108
3.0216596982015345 3.5261509421683805
3.069566695318623 3.5770989004134486
2.9996827750271877 3.5268789105328304
3.0710963128015716 3.5705193529730512
2.9554380005115872 3.5624263397876836
2.9559586120986325 3.5735867715468013
2.9612747240613584 3.5851557836492187
2.9559541123934343 3.5733723254641463
3.048728921164787 3.5991519958155314
2.985934291216093 3.530876286644688
3.0694887818286882 3.5758687755908802
2.9555386781441855 3.5691467092446287
3.06990657662995 3.5740722767131117
2.970848967492729 3.594574461033573
2.965426897170242 3.5441664695207633
3.0175635706196196 3.5263171906518123
2.9676356021918524 3.591774324450707
2.956422081598638 3.5734430058049
2.963471611610484 3.5466122952683925
2.99540655806961 3.5283899320855716
3.0327344874760853 3.6048924012787884
3.0588440952731135 3.5911903060438433
2.971817034907552 3.5947559339549007
3.0697792765454612 3.571831276963109
2.9613954076813522 3.583807966165592
3.014216629498873 3.5266974159150495
2.960536377768286 3.55197214196282
2.9568366215496535 3.571447166532298
3.027089213531381 3.6056838551606996
3.0382559432511163 3.5309904297109505
3.0638082071297763 3.5490944969928133
2.9945039549531502 3.5291987532360602
2.9630650023540324 3.585220324515455
3.02223647649188 3.6061997401279595
2.9569870841221686 3.567317020007068
2.973092241634059 3.539080940177862
2.98208922360006 3.5998881095025954
3.0690108460770684 3.56379355502352
2.971845242852691 3.5401507693315226
2.971691057902715 3.5403607761509033
2.972646354713942 3.5396973741341133
2.9930935977667557 3.5300139157502795
3.0215407193579087 3.5278669885906853
3.0222174359732885 3.5279461278421897
2.9901564051384018 3.6027759644312507
2.9935500203529735 3.603699680674172
2.9588749500375022 3.558521954240405
2.9721224085324223 3.593368276741856
2.988823660785962 3.6020690159888034
3.068544520028068 3.567573669306057
3.0532521453169688 3.5399515689704817
2.979029265885721 3.5975750064797944
3.0126070848248525 3.527804554814171
2.9640275548078505 3.549110365248423
2.9612735131929306 3.5801199053600543
2.969175391027159 3.543377865308777
2.978683362287921 3.5972069801830955
3.054110988107939 3.592747398978364
3.0655213941761117 3.5785501750841533
3.03260844411325 3.6031412370775726
3.039786421956144 3.5329323905015038
3.0542365636995195 3.592552281369179
2.9827404073772534 3.5346399040628054
2.9597971216656016 3.558337275494667
3.056439563345533 3.5904831065688962
2.958573137896325 3.5653980204330433
3.0520167053113783 3.539728785286824
2.9621078125494393 3.5533204315143356
3.062419257142704 3.5504139902903638
2.9628599249812866 3.5521023110915584
2.995421060673818 3.5304800102730676
2.999131993783308 3.529768373601059
3.0673064388358426 3.569371557153867
3.0477105524533457 3.5372829730335265
2.963347147897201 3.5519148069126567
3.03744141789159 3.601029390176527
3.0671457794089116 3.56494942200255
3.0402476616229186 3.533780103138582
3.063255808353 3.552613885316335
3.0537965081616383 3.541727292576299
3.064449683936093 3.5788078326493173
2.960100872066531 3.5600421561123436
3.0583115794515643 3.5460740009308718
2.9620931594489077 3.5548142621764187
2.988833026351524 3.6007601073896116
3.063707867914859 3.5539471044498807
2.960292437814997 3.56047296249593
3.0484681621928877 3.5953790429363153
2.9991526044134327 3.603372137318903
2.9601631786766847 3.5619479035004127
3.0662415438575548 3.5625232827673923
3.0566433424577673 3.5449603729501176
3.016412716626701 3.604481766266068
3.0575612320779477 3.5459740107682878
2.9693585750094926 3.588202308640793
3.0511579788180088 3.540630114962698
3.037899730884815 3.60002102455356
3.0540505887386926 3.542956156181758
3.0209165140689453 3.603885847491423
2.9822435310699724 3.5364074134589574
2.9613884998027733 3.5590528801548897
3.057551092360141 3.5464768333028314
3.0595660228787924 3.549072081286462
3.043509903034209 3.536293844294474
3.010806419874986 3.6040891422010835
3.0286327502291748 3.6024445534871186
2.969832933755894 3.588079131795483
3.0559917024264616 3.5452007100404703
3.0093081985590313 3.603914893044503
2.9627437777644343 3.5773813323730215
2.9624651268626296 3.5760930265136484
2.9827181404993808 3.53679112731287
3.013885453659511 3.60374524106406
3.048717567564114 3.5938272229666772
3.0480501503929354 3.539463965880254
3.0174976404162184 3.6034626041813262
3.037432551191604 3.599315224347866
3.054957109803814 3.5450777267173574
3.008665005977113 3.5302429413289897
2.9688554135895373 3.548003996404447
2.987897395968292 3.5986293520579804
2.975607817126348 3.5917028767449786
3.0056699561705336 3.6027359002190655
3.053356026478622 3.544290436545725
2.97331533334291 3.589679191840393
3.057003328530209 3.5482246838733653
3.06227815292213 3.556858987333589
3.0429626072633216 3.596104072588257
3.0586416152925073 3.5830420511962835
2.9669582549368374 3.5818327650982513
3.0245513788914344 3.5317708276346567
3.002618380776742 3.5316620463262307
3.0257692341537834 3.5320148562910307
2.9761330573112494 3.5913446994570557
2.965296348197794 3.578569517227127
3.0631263420063632 3.57250106579201
2.9708961576074095 3.5864247429054497
3.0336012714342346 3.599439892667124
2.9968228140416278 3.6005461097577056
3.0577087082902206 3.5835467284316156
3.055300312767248 3.547282877316946
3.045863285018944 3.5397014128781032
2.9695013282284606 3.5844997082538486
3.046459371751334 3.5934443367008324
3.061400150722149 3.576804631882238
3.0625073626922417 3.5601964514643942
3.03403107138088 3.5990822564923235
3.0370714433370423 3.5356047092165355
3.0535817506932177 3.5458289764404305
2.963293533440509 3.5634965751751686
2.9955749043397613 3.599937897171798
3.043964592078038 3.5946992138263307
3.0354523075260387 3.5984600431610545
3.012080743138113 3.531411692048909
2.9734148330324963 3.58810402328434
3.0357720822473198 3.598108912439655
2.9923477999568955 3.535177197089274
2.9639359535377996 3.568640865441287
2.967911526002335 3.580385615616471
2.9984702598659183 3.5998957940855902
3.007254642873245 3.532330964346758
2.97389266964031 3.5873731924652956
3.0614072937238164 3.5720054853835514
2.991180795508434 3.5975761492279617
3.0312110261194594 3.5987502346657685
3.0131214245465405 3.60119402829643
2.980234146153091 3.592141859815307
3.0028351183138344 3.533243319294983
3.0575925549943976 3.5533698381579955
2.974110749475764 3.5466959439106964
3.003713320064155 3.600194874461627
3.04322305782547 3.5401389532422955
2.9825105864089467 3.593043897564608
2.97471361981974 3.546342074497124
3.0502389937614316 3.58840868428214
3.0610746638957225 3.564212465122152
3.0106291810495605 3.600688840759139
2.9710275600557208 3.5829508553540763
2.965335405460886 3.567895006034707
3.00638636682383 3.533284270596215
2.9689018916592627 3.5795628071256145
2.969758001812786 3.5808985315455772
3.014040633592635 3.5330739055247014
3.013334325312325 3.5331445343015884
2.9674087115660623 3.5757939316539247
2.999845278164563 3.534570466900395
3.0518407395955585 3.5474409152719693
3.035652443343958 3.5961930843061736
2.965957730613131 3.5673668305352306
3.027719114249838 3.5984824512154545
2.9912744510683833 3.5963117792175803
3.0583610504814573 3.557311091816902
3.0568981835983724 3.554347389480193
3.021553083418807 3.5995253501491318
2.9970804213401934 3.5980304116897583
2.966353464444956 3.5702702557245853
3.0386847025669477 3.594690666907243
3.057428699853697 3.5555966625252786
3.0421504817847103 3.5928695853939487
3.059507657086185 3.571686260937467
3.0532541059358893 3.583857402227266
2.97573706973949 3.546908815403831
3.002646411534184 3.5345217332595897
3.04639546394014 3.543539890176264
3.059594749775701 3.5639175696300986
2.999139642203859 3.598140706894382
2.9682253069337556 3.5753572061088597
3.027539348664235 3.535475449478249
3.025100070799854 3.5350011477907968
3.009954138501621 3.534041209782433
3.0427423110370686 3.541547928510293
2.976734848971959 3.586898708803641
3.04318451294113 3.5419507361596514
3.0583385520133706 3.573492001554992
3.0587364245578668 3.561664932257334
3.0586336856798964 3.572308614068838
3.0120537575122746 3.5993359542918135
2.9681015462598355 3.573736807363155
3.0327005562789533 3.5962336839248144
2.972397303757688 3.5517484153992784
2.9923053689260004 3.537789956581203
3.038114708280591 3.5394797850475013
3.006979342521847 3.5345568195272037
3.058810946249546 3.570164405562079
3.0474444470380253 3.5883127260143857
3.057283690023061 3.557923382883577
2.9913677041193676 3.5382531474992325
3.022751236367715 3.535094578987354
3.050859643906984 3.5850616442302723
3.0386595142754595 3.593575401324405
2.9688997300223092 3.5588029822633516
3.0318622000125464 3.5961989506332213
3.0484107338676942 3.5463001601924784
2.968837555834879 3.5591699780416155
3.0561953597666354 3.5561116675931292
2.9700685417101136 3.5563664620854114
2.9814771586670696 3.5898739337974557
2.976297404600449 3.5479248457790624
2.986848600832088 3.5405487541190723
3.046652842692671 3.5450581046243106
3.0006721222750543 3.597607035893851
2.97107544008746 3.578816476267078
3.0583088256876634 3.5635514051712684
2.970903560608063 3.578463529683287
2.984474459857382 3.5419788874222546
2.968136407575763 3.5634216801957352
2.972074772708287 3.553375016363485
2.9983696256474683 3.5365038902444272
3.039134424248608 3.5928861335004854
2.967990249269956 3.5672235985733187
3.006924702683796 3.5351107816793403
3.0543568165808086 3.5797929492922576
3.020043330480014 3.5351967633589423
2.9691796314838244 3.5738143318067923
3.0184842565022345 3.5983808369112436
3.0566723144516916 3.5750909410754788
2.9749569584456808 3.583511811030698
2.983379663439752 3.54293359049687
3.041857796167581 3.542298834911568
2.989157920290906 3.539883972616545
2.9686350810910316 3.5709847035065434
2.976701964474416 3.548258524442949
3.0081888640227197 3.5982443442741525
2.970543374172409 3.5765598424335554
3.0572593231985628 3.5722241372386683
3.011826664038266 3.5983621822811793
3.0570706847105225 3.5608828808478092
3.0433551287282223 3.5435440052503613
2.9971642232019375 3.5961479047393485
3.0477213457364543 3.5468816552322036
2.968740726693133 3.5644746454618965
2.969123790685388 3.5708241397884057
3.0264884414281443 3.536773597983544
3.013706334230615 3.598031228801763
2.986971907285396 3.591950633379968
3.0542069181968703 3.5551078694313833
3.038380680142854 3.5924182373291758
3.0216548085159323 3.5360745072834385
3.0515661036194164 3.5820367899467387
3.0482730147515973 3.585483813507012
2.969341038719686 3.5691299573381357
3.0042560985641757 3.536310948575937
2.9789563623489017 3.586199201335324
3.0192217770706637 3.5974415915107234
3.0440800083525983 3.54473007044483
3.003131747241579 3.5968921411559456
3.0277897122435418 3.537515478463712
3.0321958992660076 3.5388325035834796
2.9992955564821564 3.5960762636403016
2.9778483519365118 3.548457600649497
2.9747615876522366 3.551915815501247
3.0382014732915974 3.592068977562797
3.016178420548762 3.5359053943545167
2.9727700590559962 3.5783566424714346
3.0039457848762345 3.536652612408691
3.016681591174958 3.5360865745989294
3.0472038755164634 3.5857773159847177
2.9849419440235474 3.5435639533878227
3.0399435629205467 3.542760350567562
2.9881054633538264 3.5915745805441786
2.975102021196382 3.581086727296656
3.052375315925314 3.55418718340613
3.033957753698627 3.5400887974179396
3.0049811420740453 3.596519416978772
3.0496833692214995 3.582637904675203
2.9719597729322356 3.575170181688912
3.0559920193679075 3.565376253429673
3.0246803879719106 3.5375357925961453
3.0447376556230448 3.5871393543234964
3.020304776465398 3.596516628049509
2.9703986342588493 3.566502227569263
3.0425996670392235 3.5886287477103362
2.9731959092223113 3.5561599095685907
2.9722969777526043 3.5750514767811388
3.0515600447626134 3.5795923981728928
3.055059622030371 3.5716343417514373
2.9762492164985366 3.552009933226279
3.036578297775561 3.5417447496625525
2.9878637671441 3.5427127098162403
2.971761397914638 3.5606128329044506
2.983774433555493 3.5881329528302426
3.053102653162817 3.5761489514539795
3.0550058110443916 3.569841019732212
3.0551876481086913 3.565565509467297
3.0166667780205216 3.5962903978449203
3.00805952419576 3.596150522445662
2.9983602617520577 3.538949252393519
2.9807595697853477 3.5479078423682897
2.9722446856477602 3.5606220342385706
3.000978015007243 3.538459575690669
2.9787321544462273 3.5500664595727365
2.9741881307454126 3.5562566264710576
2.98195082488658 3.5472229762285377
3.0537784055174466 3.560362683096333
3.0424606552948545 3.587524128795808
3.0537000722898124 3.5728595992420504
3.0469156838303553 3.5836612910410413
3.006705877064995 3.537789147043494
2.973028326085838 3.5596788450227344
3.008668417987173 3.5376828308736066
3.0533199546523133 3.5601299826875494
3.049334668607577 3.5527677836747875
2.9755384005061485 3.5548810786558853
2.99204008810881 3.5916709052638414
3.051544713495109 3.577064222242085
2.983041376804124 3.546946784152332
3.0424224250740584 3.546336513777697
3.0432611448410274 3.5864205884749856
3.0502081389398934 3.554281143282019
3.0407857320620426 3.545281168620968
3.007958778817174 3.5954103046487025
3.046784519599819 3.550202064585185
2.9722538086538535 3.5656004396701353
2.97884806310925 3.582476657234606
2.981464087089809 3.5484902669467844
2.977130565352331 3.5531286517322154
3.053743705876981 3.569410121399383
3.03929322963501 3.588798221735191
3.019451793542252 3.5951384998063087
2.98391125454287 3.546662370812324
3.0222044430363697 3.538634641220044
3.041759392122093 3.5462430830491325
2.987490997401465 3.544388788431829
3.027496906508482 3.593518018283199
3.0318986369473255 3.592115560229316
2.991264055374103 3.590738146215578
3.0075544355684607 3.5383869547297566
3.030896002444769 3.5410692011035714
2.9732494020784275 3.5701032184270747
2.9745103299294726 3.559016559405805
3.0092094133905745 3.5384435081079006
2.9732124032885965 3.5679104923655403
2.9838309888041454 3.547512908150843
3.052807829635907 3.570069477890498
2.9762572360922097 3.5773842703100245
2.975222620002137 3.575374810749141
3.0489362163876765 3.5788626858340833
3.0381345527025934 3.5448712307577503
2.9837427107752568 3.5855240510464697
3.0412281248172457 3.5468856088880045
3.052687383656326 3.568873775881516
3.008420560843239 3.5388707535167816
3.0256896642975617 3.540117223810781
3.0158112421052836 3.594568969652591
3.0057263836322745 3.53925028824905
3.0063816027101478 3.5941473063720086
3.0517579027309854 3.561205301364159
3.014334162011658 3.5388522427848996
2.974216798006244 3.563125871618725
3.000229885909731 3.5928256824500804
2.9811832817064907 3.5507079373692614
2.9961800639726 3.591616787295568
3.04778445901158 3.579534798114344
3.020159202649327 3.539489459286949
3.037908088547132 3.588027416882267
3.046610881604673 3.552500844051869
3.025104304135031 3.592871091244567
3.029911002795803 3.5914251677105296
3.027466881007303 3.5412184037879624
3.0504610402174794 3.5593387310733444
2.989241527271661 3.588198748734392
2.978045427867582 3.5781099190357453
2.9746910134234357 3.5646549273370063
3.024602979972249 3.5926419197470265
2.975833751266306 3.560081716489309
2.996180125261551 3.5422851483333577
2.9986479102179455 3.5415243715450835
2.994774240426215 3.5904999485766433
2.9747885383594754 3.5671490123446166
2.9790045387010817 3.5788580004421093
3.046256031547816 3.5532272501004596
3.034094734905076 3.589214311260523
2.9808030530714813 3.580966989760934
3.017387495362343 3.5398858108641136
3.0441223270659328 3.5510112272891186
3.0468601705439955 3.5542063664434895
2.9870142248943243 3.547234405790669
3.0415561799295854 3.584418387971538
3.011799063557809 3.593418013362299
2.9757424430678645 3.562668347076301
2.9814945070063774 3.581313800919465
3.0373411756338244 3.5461209939706344
3.0488435110518526 3.5579223195628007
2.976788097339683 3.5595083930698577
2.975496297683964 3.5682477743090733
2.985393372754475 3.5486494942123685
3.0507364672599135 3.5676769509913364
2.9777069895815367 3.5753740244733083
3.0458699524108503 3.5536994313746444
2.992412362156137 3.5446172955966975
2.976924816152799 3.573247940055725
3.0500342311831217 3.562495655398542
2.9978844134424842 3.5906885451027133
3.0503757244850194 3.5654906207000336
2.9863428760700965 3.548423582082587
3.0500461212811802 3.5632965738806908
3.0321704070029787 3.544094513987086
3.0480384246667267 3.5578827225974137
3.046937823455869 3.5773054695179622
3.0497219011753844 3.570502076007978
3.0457698588493893 3.554399375924298
3.0468300637985752 3.5771847196764073
2.9997230791889713 3.590873159656679
2.9855440545276424 3.549491467634481
3.0492470266447085 3.5618433213590994
2.977058485223531 3.571135515959652
2.976646254070627 3.5686501529731545
3.041897059896686 3.582700002975491
3.0488004056091227 3.5608226762223922
3.02495311038143 3.5421967652453032
2.9808247547108877 3.578552596307849
3.0227538812041104 3.541852416309355
2.9831703465450197 3.552186579370149
3.0484525605697597 3.561173208364945
2.9784912928402107 3.573894207075762
3.007197279678782 3.5414353032910673
3.045558547782505 3.5553487904743926
3.0126172358729626 3.592087464581559
2.984093827842957 3.5516655755526156
3.034900093558421 3.5464573261695502
3.02326265062817 3.590979471699613
3.0449033301630686 3.5784613867978687
2.9815703346891027 3.554699946734158
2.9776343106026726 3.563724416462942
3.035830605198531 3.5861992503583884
3.01365602853695 3.5918958265778778
3.00807671865061 3.541631671753521
3.003679385477271 3.5909746396390005
3.043116465857901 3.5530233973627308
3.0347447111511263 3.5466090383554647
3.014114600679487 3.5414594166254085
2.999489278643545 3.5898236659158806
3.047401602057662 3.56033098911214
2.984212984165519 3.5809314074011263
2.9883536609214847 3.584399523245839
3.0335056251956294 3.5869734484723734
3.036018570585334 3.547726977149229
3.0444846053622303 3.5553702509980183
2.9781889641759096 3.5687840383182783
2.9781353477289003 3.565254518714375
3.008240822118603 3.5911891315105553
3.0004137914220057 3.589729149288407
2.9908249186984106 3.547553378787759
2.9788767232013393 3.561731907774312
3.047353311027801 3.5718359768612307
3.028003879613968 3.5442735059239987
3.0478565655366543 3.56900906491496
3.016247615932022 3.5421063607553687
3.033837023947642 3.586293591937137
2.982286129068851 3.55558955874042
3.0251863448515537 3.5437439688983763
3.027522372958442 3.544534983041218
3.0470733827609386 3.562706055645764
2.9821316263009128 3.5562679703440403
3.0284312310864174 3.588277380604511
2.9792590441022253 3.5699200502311665
2.9976905947165164 3.545056317308136
2.9894370010222415 3.583976906173551
3.0096022681797208 3.5426841049282083
3.047067542921429 3.5683342975129397
2.9987934550674784 3.544883376086899
3.007097014747253 3.5901863866990285
3.0468539523003035 3.568897625136862
3.005186439389327 3.589834738065231
3.0050910786004783 3.5434507248257563
3.0346284023813093 3.5849810156866257
3.0168395838272275 3.5429527482414285
3.002181553124328 3.544291511136098
3.0169253605671735 3.5431365392472336
3.0196819434162636 3.5434572210729054
3.0089685668470296 3.589917417486083
3.0214004014521185 3.5893325912399767
3.0273800460607325 3.587770170644007
3.0352216277961066 3.5491731436751444
2.9802147602712314 3.5689769411749133
2.999355651526983 3.5878302037071155
2.980250837891283 3.566058334944164
3.0001297056433747 3.5879380167769237
2.9874209074895974 3.552206298321712
3.032710672716536 3.548066840058699
3.042838776832407 3.5569820669596686
3.0237216624889003 3.588473246869449
3.0074350870451365 3.589354053650353
3.0442922579337095 3.5597898424658596
2.9810466977677663 3.562784256178279
3.018956901241006 3.5439552686680487
3.027971671077369 3.587103812886814
3.0253104346766198 3.545269713119084
3.0169834740617145 3.5437613341958607
3.020557195680066 3.544258373714253
3.044335066722648 3.560379473976414
2.9984419542637686 3.5463144321702122
2.9893288887371723 3.5512953268446044
2.990976751877174 3.5830286540077587
3.028724359001918 3.546770770428396
3.0197055430122166 3.544483034544764
3.0307987184223033 3.585317780689187
2.981390066519822 3.567400266720255
3.0444568578669435 3.5629262180429198
3.026926775568743 3.586823335592067
3.042474689649261 3.558065644036783
3.0439570368900233 3.5718650892075687
3.04396083772383 3.5718408538718265
3.034520997672524 3.583124593093266
3.015855032216116 3.5888754959015334
2.991437344512745 3.58283532976837
2.994486755069779 3.5485961532948624
3.0445144945217626 3.565998541450715
2.992168195028078 3.5501758659492024
3.0089576869101236 3.5885141189584373
3.0370702196313375 3.5523809893076046
3.0443821774936977 3.567317790387119
2.982238258423247 3.563823047256061
3.029653149525806 3.547926849399947
3.0049225747878188 3.5878390395716
3.019652309575461 3.54509840862022
2.98210700338857 3.5674164255054235
2.99244439014071 3.582966747569565
3.0235911499339645 3.5872538857002176
2.985989833135267 3.5771934394050335
3.0291764363985747 3.5853654818157454
3.00028122913238 3.5466883316013424
3.0102758289954563 3.5448636359826886
3.0347610483180008 3.551018633255211
3.0059439796683023 3.545401457181449
3.009253010622567 3.545042555349931
3.03203518432031 3.549474643430858
2.9946078529782305 3.5492948697834237
3.0417700196856816 3.55877343554119
3.0050762777980298 3.5875283157733353
3.0116370934393935 3.5882224814639345
3.0428233800081457 3.571778653448722
2.9890234131074505 3.579830317669394
3.0219515352695576 3.5459455241660747
3.0257613297120445 3.5862159905293804
3.0369537878257464 3.5531543656046374
3.016344476857623 3.5451717902741047
2.990358019964342 3.5523604549317875
3.037548785348521 3.5792868339602446
3.0423830980545836 3.5719691494095223
3.0240954791593384 3.5467024484677157
2.9930219602080053 3.550727896271624
3.0338196217143985 3.551160339834292
2.9930347553031216 3.582342470061559
3.0096762282106555 3.5455283504695463
2.9850959543012006 3.5739551125529934
2.9901380361928895 3.580110361459084
3.0241229869187003 3.546949826692183
3.0429678429211595 3.567189100151404
3.036344156844625 3.5797702760816237
2.9999236081096687 3.547767545689091
2.9909881033309604 3.5527041652881755
2.9852576308636953 3.5596004920478874
3.0425350392393 3.5691137205008685
2.99392818599117 3.582459083959289
3.019767201248322 3.546235070345107
3.003928657077104 3.546766544376661
3.041944311525551 3.571156231108088
3.0375176256242264 3.5783441770220836
2.9857702929864782 3.5740497954528747
3.003131941262427 3.5471110675962807
2.991139931513787 3.5529221017344828
2.9870186815893662 3.5759653751277183
3.015988797839378 3.545971332138737
2.993304587983982 3.5515776387484026
3.035750756603017 3.5794829078782286
3.040283191501808 3.5593242615964407
3.0384580091285027 3.5566910626198585
2.9849605570663296 3.5711379824693616
3.041404107498795 3.5708893887927595
2.986064465398565 3.57353260538533
2.9844055255150326 3.566785700161636
3.033455259704114 3.5523162859992974
2.985461393342943 3.5615508709976407
2.99564041754979 3.582566461103527
2.9924370066179637 3.552665462588424
3.0014372946225487 3.54816480381045
3.025288012042087 3.5848073045637023
3.033032043182337 3.552178035384391
2.9989231976855883 3.549196534008732
3.038790503501062 3.55794653323737
3.0406778608353817 3.571353279131419
2.9924905608539003 3.5801326783655796
3.0254371112791762 3.5487882278472513
3.0127980723170293 3.5468043218682643
3.029070351877915 3.5828261640158656
3.020246651445376 3.5856912131262564
3.0380608066534247 3.575549078811586
2.98734410505232 3.5590597347055795
2.989896700768811 3.5557484603500766
3.027201944676711 3.5495711779717576
2.988512720732074 3.5574114356703546
2.995878418413348 3.5820226830383657
2.9884006878836993 3.5576101236910818
3.0143758605698645 3.5861405906864503
2.99733406477068 3.5825884291846952
2.986692322472318 3.5611319194718987
3.023902926408017 3.58449693865879
3.0390834519484153 3.573100588688435
3.026034665505674 3.5494535611092664
3.038315804104884 3.5742779266855154
3.0336222045362455 3.5537074969229874
2.9924895877803475 3.579283919752225
2.9979716182141076 3.550577269815905
3.03780461635476 3.574777856070241
3.0399757085166303 3.5634199585045963
3.0053764797132994 3.5849760667241752
2.986171952997715 3.564484374251502
3.0390597268378903 3.5609219256861504
2.986407214882864 3.5638725576852015
3.0312682056565112 3.5806653966332886
3.0221563824116178 3.584515054794543
3.0358192798515886 3.556346754114789
3.03798850586663 3.5738328365720444
2.9871656971404867 3.5619067129980717
3.0229270357998326 3.5841749152347377
2.988569561124379 3.5739853393739445
2.9903344082752814 3.556802979548655
3.039824707325371 3.5667971167203834
3.0311826246953855 3.5803918047351466
3.0028567526130603 3.549269984503078
3.0124269085185618 3.547825224436989
3.0239310449975045 3.583589504273496
3.0231147285215987 3.583835232175282
2.9888705714875834 3.5736631716082194
2.987936862000173 3.5716902752796664
3.0392225621260716 3.5645172448984646
3.0387302952713 3.570699390919759
3.011475735887738 3.548118614600125
2.98741429665907 3.563567034881358
2.9895983154703725 3.5744185943059206
3.012288247420692 3.5849500288127674
3.0101782155037276 3.584801473671275
3.0289281738775893 3.55200307216385
3.0075150581563665 3.584456819995764
3.0191540236791075 3.5487403938254114
2.9901270224795073 3.558349784466855
3.0310440518365644 3.5797106730466153
2.997027343680961 3.5523611396683434
3.0385859055166415 3.5637828546408326
2.9919747091057713 3.5562570448944126
3.0038021870794407 3.5496960777388855
3.008528618580212 3.548754244680357
3.004798021206595 3.5494518423521013
3.0113233158188146 3.58460703162557
3.0010075418965965 3.5506632765100763
3.031706681624078 3.5789456617532958
3.0101791237381326 3.548672154113681
3.0224915911502857 3.5831939846122376
3.025502637761833 3.5510861838524987
3.0357275827110737 3.574313343830682
3.0366892728801194 3.572377589872854
3.0264513963700845 3.551728690259564
2.990747783905416 3.574087635856671
3.0270215649916272 3.5810106497121055
2.9885841116505674 3.565012453110033
3.034682860114886 3.57503994024797
3.006386900279292 3.549858805996074
3.035341496446459 3.5591606707628594
3.0021579502899858 3.5820569882659674
3.022394224050914 3.5825989115375596
2.9963103085691496 3.578861843222308
3.0087971188026614 3.5833893158107633
2.994392721435712 3.5557689989376087
3.0013678952458163 3.581460819485089
3.0367574117613483 3.5631906441325905
3.0115446873324103 3.5834883388743504
3.015429177667343 3.5834250342170253
3.0102722194195692 3.5833316821908556
2.9936347762999986 3.5762834223819375
2.9924923443995954 3.5581076217462098
2.9893651339672878 3.5664226962293473
2.9896762287282908 3.5642796819686047
3.018826851032439 3.550349160950706
2.9958422360201524 3.5777951203068104
2.9991000111573776 3.553293797217641
3.0207553902092785 3.550896981069449
2.9977250058470823 3.554181119849638
3.034637403106793 3.5602322949309526
3.008435527896724 3.5825677762596064
2.998858613280115 3.579401188453481
3.0296696832057872 3.5779648689535075
3.035942989349995 3.5689452836098474
3.023019219962733 3.5812600989546084
3.00331575776239 3.551865201942543
3.034220045256512 3.572935416340793
2.9965695313509197 3.5553838909493973
3.034880813081923 3.5716868954886447
2.990829186977837 3.570012952588402
2.991224653183088 3.5621006772380004
3.0354675512592335 3.569855850554627
3.0111699347153857 3.5505462818206563
3.0085008179930646 3.582246539412703
3.0163170105955404 3.5824268461074205
3.035728039887564 3.565660344396365
3.000765306036868 3.5532321911257863
2.994276932627064 3.5751342313707593
3.0156139961300243 3.5507746452888282
2.996598148028205 3.577257593566433
3.017020838986939 3.551025472550018
2.9991342107511394 3.5543219112013142
3.007485939687895 3.5513306757869008
2.994808166543187 3.5576792728446973
3.023697970618799 3.580359040709429
2.9910215527739763 3.5658646265550837
2.9982099878776056 3.5550209057170528
3.0216445055063526 3.5521537775828396
3.0272389646427444 3.5784961188650746
3.022943953536023 3.5804218328376454
2.996362816469664 3.576507941216718
3.0184866642265087 3.5516328222475737
3.0160167414335213 3.551395396892256
3.001048578712382 3.553914047579858
2.997795027980657 3.5558654105344716
3.0232955162261477 3.5532020962026545
3.018684646728385 3.5811540535750246
3.0225051041228475 3.5800688104175027
2.9960046275312524 3.5753843030666843
3.032751014278159 3.572260487250049
2.9927747498860313 3.562808528679988
3.0011104901782923 3.5786590716742035
3.0132593551209954 3.551757455774453
3.0235301782275164 3.579249425001109
2.994088145440559 3.572229433807176
2.992597496371082 3.568036815314384
2.993788264508648 3.5712420898527104
3.030381601266031 3.5587547047005827
3.0285582042063854 3.576031673286008
2.9933848842093704 3.5629923314052347
2.993341190120298 3.5698516518853585
2.9930438658495335 3.5687399893165668
2.9992334384200037 3.5770113500384424
3.000721577993288 3.577776659244787
2.9954074333338516 3.559795177387735
3.0206208927001352 3.553382518626292
3.0158925328594712 3.5525210497779556
2.993649511500403 3.569618899397216
3.031850040346877 3.5715262721983776
3.0179643890602295 3.5801714199453807
3.030819400711705 3.5727958403325477
3.032724973157119 3.567446207290992
2.9955720557738768 3.560417376247157
3.02680848159667 3.5566563759186143
3.028719987501774 3.558343932046749
3.022934235475275 3.5783786014062278
3.009269097732197 3.553128319125692
3.0131100345915938 3.5528724754070815
3.029801944735397 3.5596377192502366
2.9950362762317226 3.571200764280559
3.00153065442844 3.5773555270570223
2.994059168734864 3.5678527371883395
2.9977271437421122 3.5743277294423774
3.024579892567561 3.5558585140311667
3.0007581097654223 3.5564280318451686
3.023045883373249 3.5551816973602666
3.029423123238602 3.559814094657434
2.995595019817982 3.5617570016579316
3.003292592403542 3.555218085432304
3.030141105848804 3.5609426999136344
3.029768973783594 3.5605112671131547
2.9960966686907486 3.571848785838741
2.9954610487509865 3.5705480420757505
3.0229495011904053 3.5554102013948343
3.0124511404088317 3.553443215156071
3.0216052610936024 3.5781373896999122
2.995872170651319 3.5711070086759826
2.9948673456131916 3.565683492272882
3.030434700462946 3.562337792930684
3.0003788834144087 3.5573032989932245
3.0296675759667697 3.5719895305933838
3.028528786432727 3.5734473360826846
3.0057090877831945 3.5547817922869207
3.014446795806003 3.5537439130869055
3.0003266656477443 3.557652717207021
3.0224196860950956 3.577389625991873
2.9971606350239037 3.5721411020549105
3.0176810161326486 3.578681374932037
2.995433949443107 3.565741673847177
3.0249711065697653 3.5758847468218677
2.9965465645727276 3.5707468092597017
2.996871928603755 3.5622482256420414
2.9973358883649186 3.571426404665845
3.01589266588734 3.5545040595277886
3.013836899713891 3.578674118778883
3.02285883508136 3.5765015113807843
2.9965359813976047 3.5638685514709767
3.0267911194034585 3.559376561085777
3.0089189013856235 3.578131478891393
3.018164086347727 3.5550838310549815
2.996329642508541 3.5671782061289092
2.998247905625692 3.5610733469828566
3.0231765287852133 3.5571060753770882
2.9988090341598554 3.560569454704949
3.0182456676624856 3.577644697166284
3.021623079719377 3.576299762619345
2.9994210176160445 3.560559026451732
2.9970528644904935 3.5667306385386843
3.001781459253241 3.574538924358765
3.005735826878992 3.5765892129316397
3.0046857098071342 3.5760765571611124
3.023963649879455 3.574814809295492
3.0052958824559166 3.5761919044074637
3.0244674558210165 3.5741304660117548
2.9976974722185714 3.5680743717585104
3.009222848235849 3.577110269850448
3.0263035718619014 3.5608294891068892
3.0281582334505415 3.568745560468712
3.0269200152684697 3.5619797715736192
3.0008023320410975 3.5603347549614366
3.021172479078294 3.5574687333415627
3.012845261080517 3.5771449087034584
2.9998939288576683 3.571499313415176
3.0214658324981207 3.575356054961639
3.001834637894553 3.559596410928539
3.009362015207298 3.556310174636697
3.0279828558286415 3.567539113637112
3.01155235986739 3.5560939960159796
3.026909495377888 3.5702635733115686
3.0269134925158854 3.5701968485414826
3.0089447320971656 3.556608156789058
3.02257735714141 3.558708458715337
3.0274689984149052 3.5648357214686985
3.0209113462373405 3.5579916455230567
3.014668863972201 3.556469365035277
3.0125761762795893 3.5566693349711125
3.0024488912631635 3.5727876844875963
3.001053881496161 3.571289508970841
3.0184231070962584 3.5755637400269267
3.0055688827024287 3.5583635200288337
3.009371239491292 3.557162744913575
3.010236321951333 3.557033549831416
3.0090628668879105 3.575738357553676
3.0187518042457526 3.5753355269599147
3.0250648999639136 3.571121425230415
3.010042279360918 3.575820642632586
3.010764923469198 3.5759048465402126
3.0021286241556453 3.5610041927243765
3.009626637963012 3.5755510116037725
3.0046918979105666 3.573699336756771
3.021222021389804 3.559121249085879
3.0097439734075557 3.575392307545604
3.022864738220422 3.560402703572767
3.0227840324453403 3.5726155556631585
3.0057210657257367 3.573972212200812
3.0220411456577088 3.55991140985835
3.0259077574288806 3.5666395248786857
3.012175315544626 3.5754375553690316
3.025772531605499 3.5666704463119103
3.0224449379241602 3.5605867794073474
3.0122942732717854 3.55770404410054
3.0240912088081435 3.5625545526712488
3.0154666776891443 3.574786225370674
3.0130096839705747 3.5749007749606325
3.004320398283738 3.560989048860592
3.0030119567995577 3.562263785947643
3.0211133272456308 3.5726267524091893
3.0215707877114397 3.572279715261076
3.0196824813377594 3.5733422970925983
3.0242628114579544 3.5688344793074176
3.0238933490656588 3.568692275917095
3.007615945564229 3.573337095516473
3.0062127902803537 3.5725094852506087
3.003308659511857 3.5632669169424296
3.0235698580430355 3.564328565036068
3.0227069866027394 3.5630595322419962
3.018773964168726 3.5600640334105753
3.0052253455103277 3.5713447264008598
3.0191409957844506 3.560647772103046
3.0056458593424544 3.561637751450653
3.010614855601992 3.573317244826792
3.0214469058884896 3.570070934884413
3.0037506805257506 3.566209001006623
3.0203341707606937 3.570771221426301
3.0144040478911704 3.5599795774836265
3.0042156659329367 3.564722407324808
3.022158257285061 3.565937309167558
3.0196120582069503 3.5709595874066453
3.004360919238687 3.5652568040947052
3.0051224810792765 3.5690363265100515
3.0072490594382604 3.5618941646934665
3.0068610194352323 3.570695876081068
3.005015155711064 3.568364066183346
3.0199986317528564 3.562936183316471
3.006455209792112 3.5628492774052885
3.02114075128563 3.5682368618823332
3.011027090337255 3.5721967879315275
3.0094045361837596 3.5612427047412627
3.017743822300967 3.5616790006173997
3.021186720594657 3.5675485742929536
3.0201406016446493 3.563645141805943
3.01626106401538 3.5717416975646232
3.01359045844634 3.5612399943886714
3.0062636138991543 3.5671209781204984
3.0141019861553877 3.5616399683184072
3.0167252168430063 3.5623310492298255
3.006509208144198 3.5652560219199856
3.0064648269520617 3.5658133735569453
3.018988308205163 3.568678371197338
3.0095145494351856 3.5703423030802073
3.0106366938100813 3.57065494595092
3.016426142013758 3.5627667600958364
3.0185178600932936 3.56808251913942
3.018864323292692 3.5659014047149578
3.0095517881244076 3.563731245685334
3.008126292047528 3.567637043992646
3.0088170509554777 3.568156711470049
3.0180475353914953 3.56668645327824
3.015969687138378 3.569316193531031
3.0111627924192903 3.5634362995825604
3.0091732816130277 3.5647094686619085
3.015187624039158 3.563850339487326
3.0155651421989464 3.5687115270192544
3.009273434454471 3.566829283791847
3.0134870876686297 3.5689099634413695
3.011562990987433 3.56436164341913
3.0160019710182113 3.565722840885211
3.0148566425448156 3.5657015610759286
3.015045629354161 3.5659726351622916
3.0147673915395705 3.5665991392535896
