mu alpha beta
3.031956964087548 5.0742236454128875 1.8915269153727723
3.0540474376007314 5.169097748312011 1.9866729244641779
2.9514125912975193 5.156364244732041 1.9875518090030695
2.9678019915224496 5.22102716575158 2.0463487328689607
2.9037705144229955 4.871010665057724 1.9059119872200112
2.9640160341343655 5.239724998194996 2.124358391513552
2.953073270916016 4.789964852242347 1.8598438621487139
2.9116870765116913 4.868350687517324 1.9119653349020196
3.1416209879357204 4.9807773146113306 1.9602898543899103
3.0433387957589524 5.157738433898625 1.9916058504106662
2.995538778132612 4.8863734582865685 1.9738712767349873
3.072629583073749 5.220743539624414 2.0926591329057826
3.0300887256903906 5.230760043174123 2.127287886074824
3.076944793059548 5.142857631610321 2.101178520600283
2.9266155570156105 5.114107976667329 2.079666864594008
3.034827968392735 4.911673671340631 1.85458325240778
2.898416500945337 5.045417045066544 2.0187987342812943
2.9420292943980355 4.821995597688708 1.8649152700731157
3.092519901779653 5.095623053760977 2.07432524671223
3.061450230169398 4.795065923509421 1.8714406939298132
2.9340015377240416 4.945492741632024 1.9909787537013064
2.945015463859843 4.930155041464591 1.9858336117709963
2.97561767130722 5.013831544037548 2.0498864135190322
3.1237557915053737 5.087437395485484 2.02589490237112
2.94776481921045 4.863566467569447 1.9312183350212582
3.028734499292623 4.799713872271468 1.8407192068633216
3.0917382765853096 5.105262258938504 2.0697324498943424
3.091914252011862 5.05760305651914 1.9488620365925557
3.0633033495172644 5.191622104971657 2.0523238768740875
2.9970552160145165 5.052347728273571 1.9282829955304597
3.0371733790635282 4.8952895827363285 1.8573047980042998
2.929418152248244 4.876184023202449 1.9063320725069277
2.9920120637578895 5.116339103048633 2.0963474441897394
3.0505240085645546 5.09460380829335 1.9592229754992319
3.0681397360783738 5.079768464328988 1.9547661359487893
3.078500664604171 5.171557393483887 2.0484061096211588
3.0245849142119443 4.947388863572084 1.876449409283811
3.0637148752309615 5.176688508972698 2.094022398896211
2.987809155203159 5.002729338551328 1.9042432720284284
3.1147102000826266 5.003136181193537 1.9430570671330325
3.004262693249014 5.179441666262979 2.1121423529174725
2.974491557181189 5.200137296769633 2.065358289895946
3.0997632000765702 4.8904899980896825 1.9244960258361057
3.1179122500254786 4.959267484583399 1.9529106943117949
2.9483386980869355 4.9628807463924565 1.898399870849895
2.920098889880136 5.043306249613752 1.959918346982604
3.078806404219641 4.851565573973828 1.8710627284279944
3.0374583404691506 5.202802665570895 2.097464084259269
2.9610356655677634 4.923707070186881 1.8789307952086491
3.0907413057126036 5.109134535727143 1.994803108105758
3.071764805528251 4.8380683102082385 1.8913804353380284
3.057479684969427 4.963894713824398 1.891166357508649
2.9552322935994852 4.991609546903401 2.019521942927854
3.0190995039088238 4.896518074650201 1.9660876702135153
2.9928389123949843 5.175686714970918 2.0297877666419244
3.0959137890820037 5.006943596753057 1.9310281578547492
3.0234124727786 5.17023348894254 2.0229979650278858
3.0752438782572056 5.07534581849075 1.960787071314187
2.9149773662385963 4.988627061963961 1.9464911988518536
3.0056113440079018 4.809814092598322 1.869738107447099
3.057141984442649 4.887918329795335 1.8663930634470318
3.022117648896621 5.153175188420094 2.007598397829693
3.0767172210161298 5.073454655520832 2.055794648594404
2.9243401066117896 5.0584401349862445 1.9738647518857566
2.9632846356750946 5.097807480316675 2.0737486170664408
3.098374176741816 5.026572860320087 2.016992171664448
3.0454150590866877 5.145856073539779 2.0928499585385705
3.0148812078030147 4.916930552772337 1.8702545609734067
3.0624025545081506 5.165749871802294 2.039398046929505
3.0261351595519876 4.964462531848409 1.8896469963988072
3.1104581866558396 4.964696167811577 1.9572996184230695
3.019932209650151 5.0712140818557545 2.070778948965307
3.032101070390561 5.168151136220096 2.026394656041363
2.9630581496332677 5.085513836724054 2.0677718570678545
3.0969694693839918 4.965155127549438 1.9804791053645021
3.0348789653018367 4.910177996237371 1.869981684904256
2.939808595737064 5.1409880565396 2.0461014573325027
3.051234154162853 4.828700296608309 1.8752313296433996
3.0419612382562016 4.82526001543646 1.8664932766863789
2.9826012053884723 5.069164188062643 2.0659664776886246
3.0611075996036643 5.007234251458053 1.9176207081470817
2.973201389266031 5.050218896804058 1.9402925801622466
3.051036570429624 5.0174976003331295 2.0366420362845705
3.0321154017242695 5.132170888630436 1.993815503939196
2.9928320191989712 5.143491024725069 2.093831948113754
2.9798355904068075 4.9310293466872395 1.9829288558808797
2.925913223189111 5.094774206161404 2.0288951308528693
2.9178300173781286 5.044586988648543 1.9971693901606413
3.0495086193973515 5.128567976057923 2.0836257768734865
3.020156614483653 5.05013387302182 2.0585092671546343
3.0585824873126217 5.090874969595759 2.0676806059311574
3.0557356472820763 5.158245909907896 2.081875017033484
3.0047458741493442 5.06900964752153 1.9480670556252275
2.9194819862519727 5.052547683288378 1.998326342562731
3.0831057545004463 5.086761055221172 1.9812924492571127
3.019488156390588 4.954058536076977 1.8876246834855417
2.9329458631118954 5.111255677600546 2.037533644280205
3.0487005103669507 5.154867459184776 2.085141888609787
3.066527459771865 4.874901048881697 1.876331518446295
3.0170334836905948 4.835966402934181 1.8608360590930073
3.0591234413413453 5.124976563403467 2.076068046208538
3.0171481714314554 5.021360582042192 2.0422161440863196
2.952349458752566 5.149864791669951 2.0425091757071483
3.0317263478784833 5.034611219333936 2.048025477106049
3.101598914975478 5.029003627903423 1.9609205657089626
2.9242998713119697 4.952511222966541 1.942097700817903
2.994681760704902 4.987924326448876 2.021409687792706
3.0173728643150417 5.139099744528537 2.001392705656805
3.060031880378766 5.116944750433104 2.073045135641086
3.0467630989996812 4.965665336025884 2.0041443528870757
3.059144615618604 5.010532842525017 2.027445240737695
2.99709569560072 4.901237519761704 1.8711459159018864
2.9808162656904558 5.170073391627923 2.0843931667975397
3.072891469882191 5.092492112676924 2.0575466631897705
3.0301363601719187 5.106309153850393 2.07941570019564
3.0345589007833373 4.938073052265807 1.9876331277772075
3.0285814843794294 4.908888744221428 1.9671185316648643
3.0350064672743127 5.072412843867705 2.064936710889956
3.0966555267698697 4.970257017808945 1.9266037365661246
3.039369712026275 5.085649627266175 2.0692969806415826
3.0444746207620894 5.129185090634084 2.0816913464536633
3.057124954568688 4.908543558975651 1.8797597260885632
2.95121875239455 4.929081558261678 1.9641134572820393
2.9594955617097014 5.138101066638203 2.070915716863715
2.978986700915679 4.843786178083667 1.8889639205253925
3.0819616742318674 4.884809737293791 1.9077789035717165
3.0914472311778587 5.102935862611592 2.0265237986145
3.09341022201492 5.088891427904355 2.029129112160546
3.05117035516534 4.845686215687943 1.8770589428001307
2.9638187536239013 4.932433394222884 1.892091164493975
3.025621800696163 4.893388584200937 1.9539703765642367
3.0178377207038913 4.84040103207165 1.9024232860659496
2.9355652308649822 4.931691243177782 1.9473116915988533
3.069493289082386 5.0837035326432956 1.9736419261322897
3.0117314022649144 4.88702391392025 1.8679028949431449
2.9313025925929495 5.044266777138032 2.0176681531368996
2.9634116512504054 4.932340390055666 1.8926632767783402
3.099279787551015 5.0230496265686 1.9596775452431916
2.949224050070672 4.888453647111305 1.9157699506901733
3.0845026942159497 5.109034977495878 2.012291987856401
2.9639533478444453 5.034091485762945 2.0371187889340328
2.9721924385243965 5.166308891782065 2.0676252185226893
2.93892141360888 5.11272390454479 2.0369904656010442
3.0426367490156725 5.098773329935726 1.9753263497288107
2.9655540381545897 4.922610200271816 1.965589907901541
3.082492195941207 4.8922769049280195 1.9155370554425648
2.966772915652993 5.14503583500949 2.025776661391823
3.057698866957087 5.032025687414025 1.9356740362498837
3.097962820433582 5.010671713536652 1.951521392521024
2.9509257871916805 4.919617083957354 1.8984873167401164
3.0748348021477807 5.1123708179076734 2.055550413697944
3.082385145505899 5.105261095338337 2.006781516888773
2.947632550166306 4.919693999529116 1.9022184517866205
3.0741532189076866 5.033529131605144 1.9445360432923082
3.0190849974110816 5.164398932256594 2.0338806931852056
2.930336130288111 5.066800521414444 2.018484995643316
3.092389881684658 5.0080059728028505 1.9443147457202739
3.054830283024459 5.151725003746653 2.0341637583028653
2.9337956536042316 5.072096334257936 2.0264362246342342
3.001620308037318 4.903861106169635 1.8748984257585244
3.021714203257504 4.959764343945653 2.0006925699441593
2.940753463029652 5.029451949928992 1.9526409116612955
3.085543491143619 5.084625745200885 2.0366735919118
2.9935698118439142 4.908820781424156 1.9624756893614967
2.968098333224582 5.132385230363072 2.0131153151958117
3.087312369121115 5.058162232989305 1.9719930571565
2.9625673149973117 5.107037821951886 1.992763882499779
3.072603801421874 4.916941098061884 1.8940811242581344
2.933293218337541 4.974543698283927 1.9750237546974192
2.9451802752859897 4.908471468533757 1.9096428900262477
2.927292545540754 5.005056864582673 1.9598809477399972
2.9752042182209077 4.8998972809409915 1.8819078825866424
3.000558491135554 4.914944142012733 1.9676185306613019
3.0909046487777796 5.030924996229414 2.010578729996898
3.07567959877798 4.919424133762481 1.8981170456544056
3.051562065122146 5.033105385391857 1.9365652133557212
3.0249033518346833 4.979904270268347 1.904727550267652
3.000761394015201 4.9650286819741485 2.0025071399357293
3.0196097370527566 5.060917085282722 2.0568406165611757
2.980710334699379 4.864087380243993 1.9131188299656976
3.0302575329468953 4.960799417710249 1.8968743376425152
2.951076839435782 4.929059728620234 1.9567855660510136
3.0738325751468114 4.885191829592102 1.9039578130799515
3.0708142285692537 4.879754412071267 1.902886787647811
3.0173695585012457 5.102803267547304 2.073738332685014
3.0003606018377416 5.129911305771905 2.080498288551024
2.985916005849338 4.854127902257377 1.8815652962367113
3.001432314640753 5.059891433529073 1.9493384712540731
2.9619258575449017 4.880169900741297 1.9117318157108556
3.0082797099923853 4.976811110671919 1.90397899552739
2.9398064693331207 5.058790855357925 2.025533030666547
3.014934398926394 5.0476816247625 1.9414201187668845
3.0598862699285325 5.107838877799387 1.994647527317962
2.9903728446174647 4.903720173628215 1.9547719399013421
3.008754453611485 4.848504882442156 1.8748379494759133
3.014834997307769 4.916852263768486 1.9677718486796825
3.075618205081278 4.912773559112105 1.9006951726310342
2.951253887063778 5.00048777859703 1.9328841267120145
2.978124196401742 4.914226603742481 1.959234323221951
2.939861506558289 4.937024289033894 1.943668424199449
2.9854567683265003 4.882312222511405 1.878695596778197
2.9858723962038516 4.92999037481001 1.9736432009729554
3.0051803456857042 4.907754523020384 1.9595520169067528
3.0594362638431005 4.9037798498544785 1.9450905335901825
3.00503782521244 4.989944603341516 2.01674463469589
3.0712802563372756 4.9892532462015735 1.9239512097780782
2.9764689715469794 4.902930894951982 1.9478643326061924
2.995630753194124 4.850592381060663 1.8930295426003008
3.0697125871839512 4.885770590449406 1.902482376946701
3.045820059444078 4.859428491228425 1.8841316533129338
2.9865618319665694 4.856311962555612 1.89557203066988
2.960945940613635 4.902270433000876 1.9360224599897593
2.942573116229117 5.096279547520336 2.0285426313273813
2.9748235461735844 5.145974175834054 2.066123524136276
2.9917347660377573 5.02502946135758 1.9315876952629687
3.059598169685765 5.0435315157023455 1.94883924668681
3.019751777310966 5.039314888939244 2.043779012192386
2.995126000213868 4.983161572143929 1.909806815532606
2.9784493030782784 5.094115469606131 2.062440794617397
3.005849300213777 4.964811589670975 1.9005352044759574
3.0483642088335654 5.072930777755432 1.9643835587844019
3.0457034138080523 5.147660206262706 2.066509929640862
3.0353204589404004 5.1188102990588344 1.9971391654677153
2.979954079248157 5.059811947614194 2.0489202165160343
2.972898851739088 5.043760965196502 1.9479902509870517
2.992016971090038 5.118155694981514 2.072743194422268
2.9432325443360954 5.092252114310158 2.01057432223325
3.091526609115867 4.983409732903492 1.9748033962133387
2.9672876105646284 4.879836194188539 1.9100749262242847
3.0478591846710006 5.121384644835411 2.066751778310669
2.991284069998805 5.042181264321238 1.9425079566040777
2.9759151663624217 5.0556632609703005 2.04518975068721
3.0626959649241687 5.10080777578537 2.053478310040504
2.956859443026606 4.9002751599699 1.923311470869928
2.9682248337363704 4.9670476438274 1.9113597505263038
3.081086036465214 4.986844732922023 1.932344507492307
3.0256044476353856 4.981916392271268 1.9092683206835876
2.99750731972345 5.15204075118194 2.0740640070014873
2.966167598508957 5.014844748822204 2.019894591262184
3.0919916714517974 5.013314636349788 1.9885445692012875
3.087416718164091 5.019333639572161 1.999634718795403
3.0513243737862625 5.143698021227256 2.040745093934503
3.09024650063082 5.029939985939696 1.9987125508286567
3.033486295026 5.100729981438216 2.0654974709226352
2.9547869367478046 5.112597894961999 2.019533985099867
3.077178359236304 5.089243490658546 2.0002857691419447
3.092263465290162 5.038392525376806 1.9922100033057741
2.949618800200866 5.093172550980812 2.036805424562323
2.9966581913112127 4.867586838583496 1.914947163440994
3.0037145912520726 5.030557349568822 2.0370001588068303
3.000740595174099 4.909709826644616 1.8839688983111413
2.9623394649058015 5.011941497665105 2.015077136609448
2.9353650842545416 4.984043348730148 1.9583925293460036
2.980887907417618 4.873414554441373 1.8903268484231472
2.9979719451372153 5.1503588276956735 2.033785732572919
2.978659470964062 5.004375193842792 2.0173404033838036
2.9952258465672195 4.914778960140063 1.8866299564828664
3.017626334592155 4.906436753085251 1.9547860815530413
2.9509836826822293 4.9186842224779355 1.928925214122574
3.0349747841857355 5.153799123238339 2.0470192593295793
3.06803222037028 5.005918306960095 1.9346610804511075
2.9413758783007093 5.01346908852019 1.9559404985114859
2.988176979747552 4.940372844444747 1.9775439019060612
2.999996593373666 5.129691826286532 2.0097756135937845
3.0163764197984664 5.159983893441627 2.0598759676319
3.000339351838313 5.075517988061472 1.965061912147969
3.0815973114797184 4.929098467760366 1.9308263909396044
3.0161305766422637 5.1045253179388625 2.067507811756028
2.9895953741474486 4.865019407648625 1.892631469844595
2.960129747952125 5.049925175517274 2.0316615257994024
2.9633028123816736 5.1178061777663055 2.018456892921163
3.0134829100365317 5.007809363023015 1.9237242420063225
3.012227965247474 5.159210231097438 2.0564813196171055
3.0854178103469723 4.946586788967675 1.941858055162558
3.0374022516421646 4.873369038414022 1.8843494195564925
3.052810030337228 5.0523869929994305 2.0386666939369507
2.965145285628931 5.126056367185003 2.0303306883847245
3.0764384156476714 5.092802560278127 2.0261608072325874
3.002742596539077 4.904403120416272 1.9508693195480529
2.9919877771389487 4.8904486322339675 1.8848002024078951
3.061258946959332 5.028299824996848 2.0226595743782347
2.992855082453495 5.140061936566146 2.0255699331525867
3.0467558448194954 4.986052396334685 2.0046770471971938
3.0557064386381154 5.028256480534469 2.0250913490667304
2.9732514906126655 4.893640588792402 1.9271689922637236
3.073626879272786 4.9180967345079445 1.9336983520025104
2.972269498013729 5.003271833461821 2.0123326505975365
2.95741779816824 4.937404047672167 1.9134281317350559
3.065439861813343 5.046767434961677 2.028297787978091
3.0086018556203125 5.156099670762828 2.0571815855524047
2.987515226233179 5.084222350696435 2.0560306102766877
2.9416326114197453 5.026611260171061 1.9676014777049988
3.0097031590246806 5.070727674072734 2.0537752029848413
2.9505008509980115 4.947589632908306 1.9574251271831244
2.9816835960491406 5.076924065051961 2.051418371439399
2.9795931680222054 5.039809805237294 2.0343626161257755
3.0852202336625965 4.998187594906235 1.983487186863394
2.9792977308724504 5.109921541711531 2.0003246371518006
3.0871238012926447 4.989210643502035 1.9502525759432452
3.068231360626066 4.956661987312388 1.915889775262178
3.0272606132784006 5.149184420398449 2.041090920708621
2.9914799823009437 5.149766350960803 2.0536912962941263
3.08245775214391 5.043778346642985 1.9746692069313623
3.047387096108936 4.975358208138566 1.996855707061263
2.938317732857188 5.018499063453942 1.973806562801136
2.981641203529394 4.883940011536625 1.8937957097417186
2.9650128782604313 5.06299655420554 2.037564978488612
3.030314979020522 4.976816812128299 2.0017294364516665
2.9460709186274583 4.9609583877678585 1.9598407049945774
2.9690753636265104 4.921701537063978 1.9030158444576175
3.0159828436001423 4.876089060584728 1.8839112109043827
3.021916629819246 5.100445150969856 2.062508012215506
3.0363221433886904 5.058966957925509 1.958011663703636
3.0719912636555105 5.051482196382779 1.9696112648334672
3.0782248771826204 4.934080092660603 1.9281816186481238
2.951281396791728 4.957110744827315 1.9272960651379267
3.0215960933098467 5.08615124705078 1.9751807777857224
3.0758228420854583 4.979244813423734 1.9813930188984632
2.9960229023575464 5.080756107298776 1.9725623606054696
3.000441826697118 4.968584395893527 1.9082808910103344
3.0337027244116443 4.893000209095397 1.8868729680662677
2.9929560790381293 4.871937060082024 1.896068358775734
3.030603918366614 4.8697870511332555 1.906177808573839
3.017954209384564 4.969571100098785 1.9080713124076514
3.001993313386851 5.138671239805047 2.0655172277128115
2.9765369654681977 5.0810931662763945 1.9791591321634272
2.952347448143314 4.936163399357118 1.9266576887160671
3.0208692604452176 4.9802560163283704 2.0038947123791155
3.007808148869158 5.149833321669983 2.046441363066507
2.9693594588619687 4.917925317853616 1.903843607440387
3.0485644230236737 5.087138523627933 2.049881041176897
2.9513163634184734 4.965475571737162 1.9309070577746998
2.9548497137229637 5.090037616863362 2.0063015413416148
3.041765518140496 4.983760395520159 2.0023515777360803
2.9874127628935305 4.87650842251444 1.9019379558244542
3.082625312808094 4.961349219463404 1.95365313062413
3.031915250305455 4.936339721617659 1.8970942881484936
3.016280764976784 5.0738619481779414 2.0525733670669046
3.0114943037340165 4.971547577599514 1.9981369320019935
3.0212837118104243 5.104695344213411 1.9914283365556735
2.9789575376268833 5.010343339368929 1.9339920345177286
2.9771751935851 4.888231553106057 1.9063641022256785
3.0851373325844293 4.981070206931571 1.9618267888424412
3.0040524565492035 4.959618750782348 1.9894575992118557
3.0261712020570526 4.913050484596353 1.9539427986646265
3.0659337470076826 4.945987838196179 1.9143286211647401
2.9736149706356736 4.9115423053160505 1.9411875445342883
3.0602504543085143 5.064216700938776 2.034664314058255
3.025815061310672 4.998363523281472 2.0136651601806035
2.9605930531086004 4.980644511116929 1.9291406344439679
3.059607743795925 5.034410227073054 1.952085864996188
3.0417209901399915 5.057405764383335 1.9600176200383526
3.0065643375135256 4.876941119983194 1.91689454520056
2.973456990853176 5.116766485183655 2.017482312744194
3.0744113243079347 5.0385921513507 2.012146552893
2.9756638989150996 4.89454112325895 1.9042165787538474
3.078804103183495 4.947198361981525 1.9424019865698678
3.0074157833562887 4.9484375857833145 1.9813332008434608
3.082184899666692 4.997637683151569 1.9525345134472272
2.9526714182496154 4.939320220605099 1.9395296012652474
3.013123863525917 4.964679514721522 1.9074119153453246
2.957563177063606 5.098062224983306 2.026707998846061
3.0688737164643323 4.931429381305956 1.9462319208807723
3.033122995952514 5.132372062131046 2.0254201328739416
2.969863791859861 4.904587594918046 1.9091433294674618
3.032886732049569 5.125152262290676 2.0160815003038923
3.0676888799936775 5.057037208920703 2.024993060432527
3.0315181511122438 5.031845958298303 2.0304334650274307
3.037069007384621 5.131697285320577 2.027493758919069
2.9536330146818353 4.937334671218762 1.9364235028154109
3.0715468884055213 4.976083142569788 1.9306510409739328
3.042748854250908 5.0148743399537 2.0186854047974268
2.996963223412761 5.120791976057418 2.00997616004802
2.9649267219329594 4.917511330680064 1.9127534629575746
2.950799358564386 5.053706590997027 2.0156021871295215
2.9938195879675646 5.022698029172959 2.0256269191515734
3.0169009805980105 5.078242171125063 1.9716507047274876
2.9733235264962916 5.109822513828692 2.0490176593773852
3.061777466524865 5.030406234776441 1.9519730459184312
2.955941143229865 4.943002217484316 1.9515123300394133
3.0153799210330416 5.064838304271374 1.96223752835271
2.961758249869396 4.929302431433788 1.9453681062601194
2.957333510908206 4.974372879917107 1.9308284282616066
3.082202286542182 5.034997608388104 1.9785118806032267
3.0716350609925245 5.056668186215647 1.9780495719304834
2.969463466435682 4.946714779279692 1.9677533912531486
3.0511913302370512 4.893424621702124 1.9029520486997367
2.9791908719562334 5.089830102961227 1.9880330142462774
2.961305839689632 5.006513576070116 2.003133879456983
3.0583914311025477 5.032593689582759 1.9519038366077102
2.9913475521543624 5.0032186379479295 2.0137564105917796
2.9798365062160723 4.995395493089183 1.9278361394506895
3.009716729284955 5.115296423578867 2.0620749552018887
3.0331498777101022 4.974771730785561 1.9964447812331647
3.057390217514678 4.907696461738071 1.9310346536163627
3.01786055358542 4.965362951115742 1.9919380526927646
3.0492946022571683 5.116819418537373 2.0470740402551426
2.9893534245960076 5.037790829517134 2.0316389258876613
3.0426282953009225 5.090543290059288 1.987235095408261
3.0216193829040505 5.138851687495444 2.056517396540842
3.0463504503313263 4.933606809475338 1.9628355958674453
2.970720120944568 5.029204167814376 1.9502450742961117
2.9902500515059183 5.122638307475045 2.016591502051656
3.043272758360349 5.124151194622552 2.0247149000199123
3.0222239575923853 4.987336464543065 2.005476836892307
2.9596028795887563 5.022354558948256 1.9533776404720675
2.9879539985445955 5.1270714301602505 2.024177727476461
2.9999352330612044 4.911507061661966 1.949421916956855
3.04654394659871 5.071058846284508 1.9736049201095887
3.0525924731162983 4.963507448373626 1.9820137118807533
3.024136315662699 4.875231306222044 1.897660965410886
3.0454311795831197 5.076196965035949 2.0439395032753396
3.0433344869522614 5.105794761804026 2.0514064608090474
3.0585728646992036 4.905186497010524 1.9208673150160458
2.9998396602370834 5.139237635305688 2.040868211414692
3.0415000187357437 5.112053041768898 2.052536205526608
3.03461384743833 4.893031228498297 1.9286681785849407
3.0754087747752874 5.067121161677691 2.005674162032564
3.003252116937926 5.099319990228624 2.057117481531577
2.9616145859933796 5.09368978026737 2.010201485097826
2.9494689218521164 4.974771640320788 1.9455636818283577
3.0502812093373293 5.119317124990997 2.0303737804109976
3.0325090295474184 4.90291652499334 1.9394758059513297
2.9592525670926677 5.017821690719334 1.952195463317602
3.022913378655938 5.013066427876794 2.019720501184175
3.0526303248876543 5.081130043033419 2.040506691800677
3.0380218836798196 4.903187868746092 1.8955999178298701
2.961854278613626 4.950403284635001 1.9227351649908895
3.0606598212231875 4.9188209622601775 1.9367747400254995
2.998328383846134 5.090194057569617 2.053299216064049
3.046075870017393 5.041520019358948 2.0287750303432968
2.9563205714103895 5.022763179215014 2.0051823672411384
2.9713783704879972 5.075723332511665 2.038491721747225
3.0144033788140145 4.876261479944555 1.9042623503314602
3.081807291371374 5.001297055156051 1.9719543818871412
2.945684847324588 5.0198204882606134 1.9770532889534356
3.0679890258201232 4.927044338388625 1.9305478551172386
2.963104854750134 5.087634488174957 2.0022614535328516
3.074765784195363 5.059171458125085 2.0086098160111012
3.0474817922578197 4.96794377741091 1.9859051769698306
2.9996272834565025 4.881596353398976 1.9001542165408891
2.9951214456529627 5.132556461165556 2.033207890015707
3.051097601799924 4.931613716695368 1.9567568056218043
3.040318831090471 5.12052294962431 2.020738884156144
3.005201707144489 5.119573390992107 2.05880090782494
2.9882980265502934 5.064016962089653 1.9676411192058105
2.9774302276223708 4.945382983481888 1.9682067997319335
3.0282224480245206 4.885916102005948 1.9195575847607054
2.969094796999534 5.033419213908889 1.9555651138914114
2.9478562330253624 5.0288309744248645 1.976472796022419
3.0694133544531748 5.041161120264344 2.0126968354429793
3.0617190730954453 5.0977292900455495 2.017131398106552
3.0269503714651513 4.880882556326654 1.8990180469693612
2.9875280669388102 4.967339751711437 1.9879831121032685
2.9982616495195265 4.941620830855745 1.9719757583067659
3.078163408995999 5.026704063454264 1.9711998231104686
2.94896306395299 5.003666548444835 1.9595920832180533
3.0148247944013846 4.975880763406324 1.997029475532972
2.9882038258826045 5.078312314251782 2.04620919682113
3.0501854919998768 4.912131657955671 1.9038895457931027
2.992873127414533 5.112631120346797 2.055048793611254
2.997158616457382 4.884813026226791 1.9137793708794688
3.021853353102173 5.1105875218801415 2.0571893498459546
3.025176542111412 5.124411426493478 2.0561857542940203
3.004971557906024 4.895597522494146 1.932083452590495
3.0344771101198873 4.8841794742187234 1.9035854996045243
2.9500999541271424 4.972075961811223 1.956370112289674
3.0344735694750664 4.915975683174425 1.9495095937231477
2.9856674022803658 5.071410119960629 2.0426822427085254
3.023634033171742 4.899109074184051 1.89337177348897
3.016048394232132 4.892404114832247 1.892988452825478
3.075050222298723 4.959323940711451 1.952418355277742
3.0540498680740575 5.019211201236148 1.9451273837903216
2.9727670671895137 5.04283181340842 2.0252430563094768
2.977725576184798 5.049367026628953 2.0305438238738285
3.0457784065610642 5.11920427820283 2.038899973637942
3.0110677096049527 5.044124206158842 1.9518740644394017
2.970746399180097 5.092156544457494 2.0387917743876285
2.977163417416781 4.903297109490303 1.9166208195513323
2.959791352271737 5.0855065042107945 2.0201799590011396
3.0269507030575724 5.132890389385281 2.0447894913815707
3.0320090486898046 4.892545911600356 1.8973042618056168
2.948713699650532 5.009329208314659 1.9666617589993431
2.9619806756441927 4.979762246602543 1.9344841079622486
3.0270917961133086 5.091983757524817 2.051279141529651
2.9877783588887685 4.897490021771299 1.9244140935855027
3.0456560528718226 4.937350453801322 1.907021823421009
2.979600068150611 4.950721734438032 1.97169666989614
3.015638266562144 4.93077309111021 1.899614476958338
3.059277525503087 4.916324014927328 1.9185666053966792
2.9595760305084684 5.069676254963523 1.9929043914279376
3.0433546093391453 5.1174383628775635 2.042453512069566
3.012439032354386 4.892101717357241 1.9266493758631742
2.994759241786584 4.943790554936368 1.9060988324705006
3.061119730595237 4.965667435352733 1.9747075858719751
3.0250986772359516 5.129652968623188 2.031139585640438
2.9732712739292193 4.916158330635272 1.9337325555698164
2.964402270392896 4.984031304612408 1.9860553575183182
3.024803485839506 4.93269360553695 1.9641354089842027
2.968671892620525 5.059041933127269 2.0278446003923376
3.0338048125878156 4.9775400410854465 1.9944159442018536
3.0611142950187444 4.93380081607993 1.94719681238971
2.953986694692893 5.060530667839806 1.997860266206565
3.0320687827241084 5.064649465095517 1.9683001803433178
2.967747135360553 5.079429106804892 1.9934049899059954
3.0323741660656696 4.906148173188544 1.8978775976434956
3.069295898717118 4.999159682927195 1.9888557606967792
3.006595588130411 4.887801810405435 1.9181507438277756
2.991771075519959 4.93897771433138 1.9663202055409743
2.993743805492048 4.893751076475186 1.921034991080941
3.0479518524661655 4.905120847182743 1.926938653148297
3.051842754605778 4.905966208637033 1.915127386245632
3.034339162936901 5.125674444830322 2.0351678196260785
2.9670143786709806 4.943613573986229 1.921287315443234
3.0290740789969774 5.033470035808366 1.9476750745765785
2.9900095876676995 5.1167121922011765 2.017979187613986
3.017465201635512 4.9159525463926155 1.949953524809366
3.0154899244901294 4.932698707621427 1.9640877473626228
3.060264248346704 4.933625868377841 1.9468382415808683
3.0684687373733768 5.045289724058699 1.9749600726041723
2.958255296280314 5.017528774883675 1.9995347352920652
3.0722447990682134 5.044396480179171 2.0042270225460572
3.0307796587080476 4.902767863901809 1.9345065660851537
3.048291799749037 5.025051467660904 2.01664892833142
3.0401097276979385 4.898663621180197 1.9040865087301337
3.0031699263915628 4.888572536155753 1.916157841663479
3.0372044617727285 4.927256745491741 1.9557743183598797
3.0584147322077015 5.071700084253467 2.028500726442918
3.0393934669767777 4.8937536308318395 1.9099267284105625
2.9795533624283053 4.955727808282611 1.9163860328375364
3.0570811314364383 5.054864408936907 1.9721944290503457
2.951252861450852 5.013317208674407 1.985476202817572
3.020275238439656 4.916903880843341 1.9502256900992312
3.022089961133909 5.123866483794684 2.0513665942483943
2.986633705750348 4.897772242191688 1.9127208730720953
2.965010613877355 4.950152789398915 1.9255378416407432
3.0528359024338925 5.1047031903447415 2.025276763581885
3.0387205944956297 5.078158547304526 1.981306068515253
3.034184612160722 5.033154752007238 2.0251914731675664
2.9856778248878326 5.1206418994771115 2.035326698535015
3.0148209992133483 5.068467997768564 1.9701275113282046
2.9941479755115044 4.892221536204649 1.9123974244798794
2.9832330320986373 4.9190972489939755 1.906968618812836
2.9822089117045687 5.101777581986059 2.006309966697616
2.954561245134855 4.975862011214818 1.964665002132315
2.9817206326871863 4.988573530712048 1.997027545530339
3.052158994931464 4.967197146062 1.921825295728026
2.981429396998111 5.02716222953904 2.018931021561489
3.0026402040051443 5.045382686027949 1.955362727046814
3.0586404016505586 5.088017016814902 2.027281077883826
3.054513859492522 4.940414073700043 1.9573970902338023
3.0314469057646027 5.029715676679188 2.0238194187761187
2.993328742613545 5.032677297523757 1.949213632900764
2.9921580598595083 5.124386541175304 2.039647480822157
2.9679737714396515 4.982926168699642 1.9338981962401673
3.07033545096741 5.01009992664337 1.9916594914208408
3.0734878751418844 5.046415571713462 1.9956243359681705
2.9586970290020416 4.956346626450425 1.9528012826764205
3.0636888179153985 4.961911025879206 1.9669275750631936
2.983248825731903 5.0616698761903764 1.9713752815099674
2.984435050044584 5.024881888000985 2.0185317918260295
2.976842827814962 4.95125312509235 1.9173912443103873
2.954193767407101 5.015069628702671 1.9903882263171235
3.0304606056739636 4.9230222048562595 1.952941527249342
2.986694558596519 5.024429040949844 1.9464060324269208
2.993075922943795 5.11923179547955 2.046688079953642
3.0585762359930317 5.013065890655523 2.003665566961061
3.069042039394485 4.991771945306891 1.9452747111512068
3.0016012519189292 5.12545814078401 2.0470687539321157
2.972533538344827 5.010205697242616 2.005097774753164
2.9669045052534724 4.930449623844419 1.930785153946063
2.956521169530271 5.012393580953404 1.99227763194562
3.0227491168392646 4.951280797092624 1.976450585891531
2.992672603127879 5.113565974593971 2.0158031250574213
3.010944031500043 5.101336692928563 2.0515563416734106
2.98726043507879 5.102412197117967 2.04574315525332
3.02542974172791 5.1010885881718195 1.9993828119682457
3.0279319224518426 4.896370063081673 1.924487043086314
3.054803110663951 4.95473499193793 1.9677015628049612
3.029160066650223 4.962481369885677 1.983204182352984
3.0144257799460723 5.1014861781697975 2.0511539449695904
3.023497255219016 5.027983890220568 1.9454332022447227
2.9857597289321953 5.0966533027817285 2.000857696001817
3.013854474103128 5.126302425398277 2.046041742165821
3.0223391773458275 4.903592356963493 1.9345760675289003
2.967791738135481 4.937948990629426 1.9459008411491565
2.9666284427518446 4.94584212411254 1.9263889097703375
3.0258952830527477 5.1249040645293285 2.039202015155065
3.0605855767274894 5.069991287686201 1.9910460038420241
3.0035031882136805 5.052823410396639 2.0350839154891105
3.0241596851688106 4.90259505489053 1.899835967893492
3.021139787553622 5.123303679765272 2.02738538943795
3.0205914737004957 5.079268520924537 2.045043926459637
3.0426347744715256 4.9431862996851015 1.9111503338671447
3.061615716834835 5.075626784184614 2.0201615137687883
2.973646892717865 4.974386629417591 1.9283489762757597
3.0735032639957693 5.020927884016429 1.9879688370739026
3.0150244321347195 5.0832513390771075 1.9831714345370859
3.0027211259959725 4.911912413401888 1.94215830135805
2.9947266477272194 4.915373466593095 1.9432701911641836
3.048137292865307 5.019300077448075 2.011629833074985
2.9984308365401087 5.114151722593513 2.015743633764066
2.987679676742119 4.917675252679051 1.9420797327277324
3.0386944035050982 5.061327096597603 2.0342645900474983
3.0309314191039456 4.917714574633857 1.9023465484369755
3.0343700722209164 5.046901166228968 2.0297304853239817
3.0521237989069765 5.044573569677943 2.021330434337101
3.0423984170831018 5.11098442055168 2.034563465266564
3.074665631478128 5.019648479368363 1.978995801211581
3.069575353447514 4.971123284276297 1.9629458520803158
3.0585800851562803 4.9292010535019575 1.9365197000127123
3.039572829844934 5.08282094047478 1.9882699825714887
2.978444550808446 4.976754962207245 1.9858852561383218
2.9783110035939053 5.012875997879734 2.0080661620028284
3.012697123327805 5.112217637798799 2.0114867112778008
3.0363306175721316 4.96052038863788 1.9792484701731594
3.0264419330277477 5.067271973544526 1.9723425260601732
3.0745357979036694 4.998530032683453 1.9681204380056005
3.053203584191606 4.917418374351643 1.9247148146576356
3.056412314046672 5.064226465094245 2.0243023577919166
3.0104020965980864 4.9764897259160055 1.993005608320932
2.9662467079039656 4.966014417209666 1.9321416881100042
3.0462278907638307 4.916642025131328 1.9108586590110335
3.033010788955987 5.000518113455161 2.0056506755345587
3.033139362891326 5.114872402613627 2.041904033731502
3.0606564181616553 4.940602529766211 1.9255425470315486
3.0341637295741797 4.898986451252663 1.920006521675637
3.0164336784232573 5.00150778552415 2.0083109317938765
2.954928315243767 5.02405794789206 1.9903281897487801
2.9689921535441686 5.08259393796879 2.0035847552187143
3.0583547338454755 5.015760849203626 1.9511104783041302
3.0037044096203007 4.9920392643590485 1.927640725112612
2.9713908211181854 4.982510353119966 1.9850354473438612
2.9619600859719593 4.964601071752062 1.9379991074467475
3.0430551344616434 4.950757842625197 1.9148612060024979
2.9858820037415934 4.937954275799512 1.9119469193620355
2.965920059745736 5.002383064955437 1.9473920744327762
2.980462746088987 5.104677496618546 2.0193917794622718
2.9658752130187827 4.9425000434968975 1.9332458375267156
3.0229036543713166 5.002726221942311 2.008285546914125
2.953752910651513 5.005111848305404 1.971278292942802
2.964633209056081 5.069346258565207 1.995757035342812
3.007704133100511 5.007014847064243 2.0111209552143756
2.981998243122734 5.104895531862836 2.017625815276959
3.073161479503397 5.02108348285904 1.9820395716163084
2.9888220244947257 5.107389299988868 2.0421127310265557
3.0227596036693245 4.988602477038249 1.999731944671732
2.990666242267844 4.961429002507987 1.9174831132039554
3.022173049331587 5.004033274486491 2.008991174610009
2.999569088056642 5.016714748122308 1.9411690275357523
2.9917155929099666 4.978256196073134 1.9908976520734158
2.9765236856002226 5.084200100859685 1.997354627446537
3.073482493129298 4.99827555074378 1.966697246973186
3.0579493617125255 5.046071203710484 1.970858727755144
3.0299408766764095 5.057522186644924 2.0341510967918244
3.0343737010882847 5.0962994059939675 2.000207094447586
3.0511274257985206 4.989071571289388 1.9914445232590006
3.0422535240228137 4.908685458990828 1.926859942111794
2.9900080234808257 5.041934564563145 1.9583418992626969
3.050941726524536 5.00594530212218 1.942011039968094
3.065251989769327 4.95285555990253 1.9354796868100375
3.0702706488647107 4.970859332550296 1.949236025259071
3.0694524463323707 4.970455114939715 1.9579398096378087
3.0093010763328074 5.115247369664117 2.047143819293126
3.0559938821631745 5.07238471881019 2.0242225995493
3.039002196866863 4.96749658691409 1.982120852928322
3.0523014899940892 4.927557861496553 1.9178442776226956
2.9838307541063527 5.074790589961505 2.0358661087252012
2.9566845052785675 5.025268363533018 1.9740575411125318
3.0380288094490298 4.966799437795574 1.9198045150098042
3.0332374855796345 5.021895423129843 1.9453788340239901
2.973827184858399 4.953890878879714 1.9242110810193687
2.9963663404256518 4.987678055845844 1.9276049932677484
3.067380703788099 5.014301633067977 1.9914547107829992
2.988165984700707 5.035303709070997 2.021851867201889
2.962803536612447 5.035616639302897 1.9712235813228456
2.9891727392316585 5.015470528532845 2.011926716305215
3.063193411039338 4.954765318820137 1.9330179077248308
2.9984598883363027 4.958529912717806 1.9152995266193864
2.990343593771353 5.068648579082806 2.035929920346561
3.044864007439347 5.1025048306761605 2.0215479813477493
2.9590647200673112 4.972144979307794 1.9559152748462239
2.9618686421694322 5.014102259720114 1.9595140976323049
3.0188954079478276 5.0427909142526 2.0284893134061512
3.0242022977517635 5.098374968904823 2.0453337049197144
2.965147140405804 5.0093119931739 1.994901015287974
3.0046136058891597 5.116890542404172 2.0240136811152145
3.0656226216745583 4.9555647467078625 1.9446095103536374
3.0062555410764302 4.9610281586131215 1.9154802223908378
3.04177120451216 4.989487024980298 1.9946856053848645
3.0047934620228296 5.012880887342652 2.0129725254596673
2.9993086158257687 5.0120423022890135 1.939894483212929
3.0388668376221424 4.914749311065623 1.9099146997033092
2.963081656552973 4.967086411623825 1.961407911624011
2.971816343441937 5.086247727125377 2.010410174109825
2.981518470079533 4.959883164057736 1.9221263026929816
2.9878348848369014 5.084921572934418 1.9931467475198024
3.031200213021772 5.1123308969209695 2.0233908980455597
3.031319720399266 5.036910432914787 1.954758417286774
3.0209886840455056 5.009445690247218 1.937545789441577
3.071132727925818 4.998343641493874 1.9628756107406242
3.005089212812537 5.041585174350447 1.956513322838718
2.9701162707406468 5.047415108006328 2.0166558714708707
3.039713597894458 5.03417332681523 1.9553251724017793
2.965896819254887 4.948944510800017 1.940702877508579
2.958545863289043 5.044474767810926 1.9922142621128618
3.016095398003193 5.076502214729609 1.9809752709159236
3.0376316142943036 5.0037432220344655 2.004249471980473
3.015903460489106 5.109819867801099 2.04542236571896
2.999505632238671 5.046975171423244 2.0289710581182394
2.9967230854343856 4.916134433965319 1.907562556756085
2.9874210628663644 4.915151236590508 1.9142041911592076
3.006442341781911 5.117518310052407 2.027775685321089
2.975602720140559 4.92822368345236 1.9269793570616107
3.0153089769936208 4.938199616430138 1.9081588270146104
2.967527280940315 5.074439173677974 2.0163099640313304
3.0182109602979077 4.984519977063751 1.9958593437363803
3.0701180084051485 5.015259342839491 1.96995906512758
2.9890218248946625 5.0978770226707555 2.039367600774679
3.0667114282035257 4.997757141380245 1.9532946667392195
2.9888074773508193 5.006550081069374 1.9400364556002443
2.9877968874404215 4.912181383160656 1.9181261215843821
3.029616448571057 4.964217089578652 1.9182964785292211
3.04063449136935 4.91325639273291 1.9294962361659858
3.040820087014658 4.98278846815752 1.989943761527015
3.048258729875273 4.934024273176396 1.9482245016640052
2.9661791363025047 5.0549824493069755 1.9851948629959282
3.030822422084543 4.90698569211197 1.9277437717469235
3.0103781616644163 5.117053474489482 2.0391630131061382
2.9611563708935806 5.040011501098856 1.9808887964402344
3.067911175734957 5.037125395503162 1.9839908138746722
3.0436490941556444 4.938430923295459 1.955256425677275
2.999779641793663 5.080401070934623 1.986448863947376
3.045179393646618 5.0248648742359485 1.9524785066211612
2.969379603071424 4.944668480122077 1.9433600974396767
3.045959833221878 4.920705722370176 1.918083855686496
2.964778994940298 5.0229037383316415 1.9994063230340138
2.9611702001446725 5.018301084704334 1.9922223202063654
3.058978639376795 5.003948847469003 1.9489155643913312
3.0013885634890656 5.115211284666264 2.035409951276504
3.0572682630510606 4.964450805985149 1.9312913524836914
2.9843129248133486 5.102626722850421 2.0222365882139197
3.016530185138046 4.948615189283141 1.970297671357756
3.046595202251823 5.092587152589928 2.027221175856246
3.0622190530943225 4.951766820165242 1.9422914938159432
3.0634675097720847 4.9798605435739836 1.9711151292134157
2.9620850916822987 5.048785838524303 2.0025119747325153
2.970223221091039 5.070471950151248 1.996429728038186
3.0074557178927734 5.095602946366421 1.9998850143535176
3.044611408375247 5.0129492236024245 1.945936875210244
2.9848243020580663 5.093169201363352 2.03441099934664
2.9807850708196213 4.923171332550607 1.9265621309312126
3.0358079800065902 4.908381271528276 1.9197628266954108
2.9790801873221695 4.933935277176981 1.9447617461425935
3.025582450659191 5.082093999175434 1.9884527643749639
3.0421113537459172 4.92108713087743 1.9365563180988672
3.045612145764902 5.090905768315072 2.008918728396541
3.0296659756039848 5.036016557691403 1.9554571531350964
3.0255136041122226 4.911257823411489 1.907954427870161
3.002239729240894 4.983782568708775 1.927091519942456
3.021754932178778 4.92773911277114 1.9518658300972571
3.0047953985564897 5.101473019350225 2.0071693477617223
3.0625667934421963 4.955923100587862 1.9454305791883406
3.0113930632409156 5.109925468696381 2.017597508006492
2.9915320720406147 5.061927536590286 2.031358134990896
3.0216481432790037 4.920219676483877 1.9444429483617625
3.0237088720018868 5.034595586457389 2.0219563124926774
3.0075888258260894 5.114608906634795 2.0294384566793227
3.0221397332499365 4.968454573261101 1.9834967890392838
2.9763624856798536 4.99846209176937 1.9938473141142576
3.04033402412996 5.078440680972327 2.0325738668114153
3.0413023589284855 5.031783459396048 1.9563305158291753
2.995182179543111 5.030530659333088 2.0186564982068584
2.9735406266154287 5.047003345261614 2.016191901552917
3.048142241304536 5.087677028638549 2.023837718206834
2.9941046295966207 5.0869297755238145 2.0383194093645267
3.0324767281842346 4.970503631996372 1.92279781554446
3.049119342661353 5.088506223455248 2.017958955683276
3.043665472146688 5.0417988448110025 2.0191003322809644
2.997147554135867 5.020152240627509 2.013637977935345
2.9679867226032357 4.959306220409496 1.9381511503190263
3.0524026378633784 5.059757612738039 1.9829475934949947
3.0286942257985716 4.934888228574193 1.9561687534891492
2.9761737016172667 5.057293584024666 1.9799250361671448
2.9773577207899966 5.074654945306276 2.0259119473016094
3.012321414226578 5.013247668898814 2.011256816094421
3.023987726940142 4.90675300675892 1.9256377826485815
2.975863356911873 5.056830364741236 1.9798598639269027
2.998899437019209 4.954038357522977 1.9715705585129948
3.009119519965342 5.035991552553693 1.9549257320104534
2.9760363381209407 5.057999793186454 1.9808956560641517
3.003459972165059 4.979106709774407 1.9256172581357842
2.9670601123269833 4.960106112416551 1.952648050162518
2.989109494338104 5.070045048896171 2.0320378705451594
3.0395811382460396 4.922011921058751 1.937541847876307
3.0003786148452853 5.047951223574952 2.0271077458197952
3.056731010025739 4.9454209089887575 1.933111150923771
2.986933572468552 4.91909954325087 1.923138997625762
3.0241550221820175 5.05525767119053 1.9684409841192854
2.967672922183863 5.064381200438267 1.9997139926799172
2.979489221786099 4.934455997660713 1.9247554089673646
3.0498826378040116 5.028389607894001 2.0089307539916055
3.0039890480552294 4.910782481412217 1.911305725646569
3.018854366052679 4.966985177879624 1.9819061521730355
2.986393953016306 4.920610996587974 1.92952116509335
3.0250146315272977 5.075304501088926 2.0364266135932576
2.9804017170766643 4.969649502649066 1.9756200791460086
3.0459064187779026 4.925877143103102 1.9343699185155976
2.9814089042721563 5.0323781682608475 1.9600881779243018
3.0505103427716085 4.95854975192793 1.9648092065091383
2.97707479517954 5.047373090048393 1.9726680429980377
2.9706449435221964 5.066624408191537 1.9961940883539977
3.031576507176912 5.07931787636479 2.0352516302109795
3.063684239309334 5.04148880018869 1.985294640152896
2.9711740867942527 4.982516858714707 1.9412722011521342
3.038697143169806 5.037395420846842 1.9601442675027625
2.9634012320349234 4.981767273498858 1.965450083855239
2.9916276278527674 5.001074910370135 1.9389133211877443
3.0412413840597967 4.995195618070895 1.9372974731151755
2.972865805660507 4.9442793537201055 1.9389670003822
3.0430630204617124 4.9263535769132005 1.9192647941489906
2.9673881538333626 5.014758198951524 1.9941576813240816
3.0404496729706243 4.982251716407749 1.9869728301384102
3.0580199682590696 5.051482718483243 1.9841450288829603
2.996165930358396 5.099070248368682 2.0107770652520216
3.0126060614683476 5.08107079970696 1.9886500923592212
3.0052107206486727 5.0460337134297175 1.9625707504677805
3.058824913067621 5.006788991865937 1.9900506691699225
3.0474403511635306 4.983944221981523 1.9350098833414175
3.0256854285561645 4.917851925414122 1.9106189239386637
3.0507976503301864 5.068339677145866 2.0199521080173426
3.0311457480686697 5.102535367784964 2.0323902349153427
3.0053786669562 4.920924603865663 1.9421435384516392
2.9623830976684156 4.98626291310781 1.9601926167091035
3.0041338813737855 4.981169780169574 1.927376499379703
3.0519556428887595 4.93782507046204 1.9392928426654197
3.0005089803343026 5.103463478888159 2.015743915138168
3.0327594852244575 4.913094140300083 1.9179873762657527
3.05699418898432 4.989210397236321 1.9441886991158872
3.0533512053295726 4.939875580660769 1.937310587280815
3.0562826314763205 5.065869395941097 2.0001368186691186
3.0352541318803716 4.926491058509694 1.9147654566034031
2.9939049365148893 5.098137237561014 2.012372930543024
2.980073328898001 5.08759867341103 2.020806199683279
3.0641141540010413 5.026456816088159 1.9894379069390737
2.9871614724627333 5.024768317045231 2.0113652725460174
3.06102735866733 5.039476533770237 1.9994270269798717
3.034931781054823 5.020539440734476 1.9497008483397371
3.065929599640938 5.008284926543181 1.9724158771505667
3.0244269816721356 5.08917354309946 1.9986772356475888
2.9743691259387695 4.9981835613395305 1.9893068181029583
3.0508586983216834 4.958702471478215 1.9296175715856618
2.992027667058051 4.995373881745044 1.9961756322718116
3.0650319534886488 4.996243393383613 1.9698438627339159
3.0549907771664135 5.067374164339992 2.007911731605983
3.063510728436331 4.978865972473783 1.956161645352975
2.9764445697960418 5.0718260844354495 2.019803259684209
2.9760027371201305 4.997805487262928 1.9900033445179197
2.971923982397863 4.999346310074 1.9877272387982383
2.9685292019337437 4.9697782713510765 1.960686162791433
3.0088421348103522 5.080154939062199 1.9895028411740845
3.001590429704382 4.916730154983078 1.9333174822252122
2.9773464627815476 5.065928977713484 1.9904017191612078
3.032041294070898 5.03821805630356 1.9602339396503132
3.008178485493535 5.038659544621821 1.958641324821947
2.9934178752951226 4.929458607656705 1.9168369113126673
3.0002528099229124 5.038483646981944 2.0209008780581157
3.037296696569649 5.071395739068261 2.0288047174490944
3.0486320864571077 4.935093447096978 1.9299646229981757
2.996171388869213 4.930956402666436 1.915715239297659
2.989614542034759 4.932874546280469 1.9459281753835955
3.0050964281019708 5.071292070797846 1.982683125225271
3.028461118914011 4.919848327582064 1.9366049621882977
3.0286696583785373 5.059241086325791 1.9744048575163857
3.021213561798085 4.930938849195405 1.9124774194092875
2.9948884841736554 4.917712615409011 1.9231788301805075
3.038456005424295 5.053087793483426 2.022608498305877
3.0247506915251683 4.918801243990828 1.9363941205973487
3.033779869783957 4.952115020928948 1.9657668521134375
3.021108049561226 5.058061154902872 2.029151685955149
2.973358532289863 4.993796247288447 1.984597231935581
3.0570263525132555 5.037883368645881 2.0030679626455656
2.9752020317120573 5.074765849362226 2.008916882660704
3.0091916528137923 4.975881776610739 1.9858542788379663
2.973551095934753 4.964745434236867 1.9376257205915794
2.9957726311667514 5.089084427531104 2.033720740464586
2.979554697623067 4.973949582397975 1.9346895235514863
2.966296716724996 4.9857928129566975 1.9688289431645232
2.9707123463706524 5.05305533850803 2.0084265779300843
2.963122885989959 5.007699150938368 1.9732654831636942
2.967036795387748 4.987827823819184 1.9528342305955049
2.9704462344719573 5.001195238929797 1.9859727467739448
3.0078917400972642 4.983907640107453 1.9297830224824384
3.0160348489954374 4.94687723471988 1.9643492367240978
2.980729356177342 5.055183862098922 2.0192248809715068
3.0222871251405854 4.994138116316881 1.996899152910262
2.967319418414862 4.994561267312079 1.9550042366871465
3.0225003325017936 4.9880779808622275 1.931847977441232
2.976411591418176 4.98289178841537 1.9405393458003286
3.047366826045636 5.046737864417049 2.014493741752366
2.9937281299334 5.098036674804967 2.020073679637509
2.9679000436352467 4.985846844966369 1.9710504516038594
3.008259282713407 4.939851619880762 1.915001727984735
3.0143624467069863 5.093102664812246 2.03636459675862
3.0123463154261785 5.052217371830768 1.9685562097389604
2.998821834448984 5.050301921699779 1.968951114313662
3.021042812351916 5.0513382221087735 2.0257845037396005
3.0553547965698473 5.0225334248140125 1.9975879474508809
3.0175126794098635 4.9135956500786655 1.927200609509537
3.0574994648548257 5.051176371178519 1.991603743692329
3.0502822434891286 4.9651340351881 1.9656886262290074
3.0478337835906384 5.007130977723002 1.9955536495212123
3.004079493767402 5.097668526523866 2.033924864135503
3.023601690196069 4.967171146478699 1.9785182289666614
3.0177132470187464 5.099782105279792 2.033639628599979
2.969032617638084 5.004923945529034 1.9583271414977819
3.0583500772431336 5.0348449680415825 1.9768683593890188
3.034488613361379 4.935753298910345 1.9494240093107595
3.0072827381378193 5.102828122828922 2.0298592763648085
3.055235979978676 5.031261822809741 2.000766879967475
3.031966008116921 5.039919257573461 2.0183674750151552
2.9921194971585656 4.963062876794221 1.9722737789921916
3.0015626436481253 4.948480132993873 1.9634603732740934
3.0496316972358377 5.044626414243905 1.9748136870038877
2.9778022846053345 4.9992332792932315 1.9475918689393625
3.005588555309454 5.102701568267707 2.0236196841579353
3.033022404564135 4.932486968881738 1.9464573269246106
2.9664815066074994 5.0060585112695914 1.980959735299623
3.061959790636175 4.995475722358604 1.9704827560108649
2.9939286407228143 5.089306365528555 2.0064500645239
3.0374278231008036 4.958557863948062 1.9246392577858664
2.9677219269789084 5.015596820782068 1.988175447732937
3.029273929028959 4.944739160332862 1.9591354828930343
3.020694341659718 5.076608767193574 2.0327244382084633
2.9970192172284267 5.08937412338174 2.031338941974797
2.9775871560508067 4.951408167846147 1.93551993710353
3.042845707458393 5.083073042896582 2.0151086668384757
3.021842176658329 5.045323431899147 1.9651255910351793
3.007361943536054 5.088502496503584 2.0010546143889596
2.986605597991062 4.956498983041919 1.9273326847069283
3.045452160305328 5.058900439225428 2.01732974443319
3.0115318980876853 5.063759421156892 1.9783393864683674
2.990559094884628 5.041776608244785 2.0174863543014383
2.9727555274891158 4.985382179601287 1.947122565826931
2.9800507087666417 5.063579180638576 1.9900433241894055
2.990498643703796 5.070338398627644 1.988895983433931
3.0472654557271452 4.942182524230252 1.9316208805371826
2.9803586012431027 5.0763677991510106 2.0161453814376293
3.02878309513045 5.066651580481712 1.9827902717063937
3.0617536152738936 4.999246111438537 1.9702881009941986
2.977980899082111 5.071684636038048 2.003696043199186
3.0204743902437525 4.918507787713249 1.9316487195715806
3.0122860749012093 5.085714225256428 1.9982964323390457
2.9660052866079054 5.014151809319661 1.9729063446511539
3.031008488063915 4.932443158609588 1.9185169025724793
2.976357872915829 4.985973994231096 1.9787706959939482
2.987890610030539 5.031129796990293 2.0113956186315143
3.0616922242711695 5.0109245653450865 1.9735398870435228
3.042061787549311 5.081779365907394 2.016447633202653
3.0205653500011165 4.9219171435066 1.916987954625636
3.0432914028280775 4.937862933134203 1.9416005945214774
2.9776215981348395 5.056461168064173 1.986706998014961
3.026604335066117 4.962487065939122 1.9238318455372714
3.0133395648279726 4.923718785651275 1.9392419326168775
2.987829348584303 5.012697534122957 2.0016767858361098
3.0439345010612637 4.945095145234886 1.9499089131188665
3.0580713201928837 5.003541095368616 1.9590601620799086
2.992993092493736 4.9780973159278465 1.9820591275080273
3.026700638767179 5.089548099378517 2.0064361100544144
3.0555821207485234 4.986507115242734 1.9734633505423596
3.031026781528742 5.088802025462869 2.008316092800958
3.0543925737243 5.026520445392062 1.9970258008226296
3.032235043015083 4.976238713373242 1.9811912591870329
3.0068011311171534 5.032193633900616 2.0158721561839013
2.9991317765475123 4.989045480324973 1.9355842919243063
3.017879939232543 5.07903086817905 1.992868820881507
2.9878490355186034 4.965103465115202 1.930254462699518
3.0413324539540043 5.078488272832351 2.004699269986702
2.977900747998317 5.039657878267116 1.9736311606181933
3.020861029243206 4.989786672355232 1.9346433955633082
2.99143212070957 5.057663411651678 2.0224365269299525
3.034260079132856 4.933069327664384 1.9430200995084235
3.035099203852429 4.999343555037442 1.941972752257211
3.021002581039486 4.919147642496808 1.922461045738895
2.9863842559435088 5.064970790725944 1.988190989453234
3.0349450873209354 5.031043433412373 2.011519262773887
3.0107266759763136 5.014188754505301 2.0066466688267734
2.9910930764631734 5.063798728439003 2.023735476785426
3.0178323627332553 4.921104668684713 1.9194201792998271
3.0088927495097915 4.9906316497520695 1.9352298454526649
2.971407627503883 4.981440062813351 1.9513942038741858
2.9934967276487274 4.928674346655024 1.9313998863865511
3.0363505778858912 4.945639721965593 1.9237788514314078
3.0259066013905307 5.090279523577751 2.009177583217523
3.0465601967262184 5.05428569618262 2.0126282317987645
2.9894811772513123 4.9951250249745005 1.9910470552485604
2.9991431381356315 4.990466224326542 1.991044237452921
3.0283545175078945 5.025797927711157 1.9553086838173404
3.0230803468319554 4.944127586054242 1.9576608406862852
3.0031238573903876 5.092914931092598 2.0124045315591967
2.9884121367880794 5.076473331107398 1.9996380968344214
3.0042673844625605 5.049009935944966 1.9698320988617182
3.0178530094631633 5.0968887733143475 2.023913262760512
2.9687028320465343 5.0187679739167805 1.9740822762794141
2.97604213260107 5.0598888355509395 2.0061901014210433
3.0390972742100346 5.075576444128086 2.000116876338639
2.971276378467115 5.044714980233748 1.993633039643516
2.9790306617778564 5.006968611329964 1.9919884861301238
3.0297509456062386 4.984880902416094 1.986605630208679
3.0570094788543645 4.9833223482211 1.953868753172408
3.045604925336762 5.03992573774898 1.9721019425922286
2.971300798196115 4.981123090306274 1.9547738857479344
3.055633738433423 4.976695051760325 1.9611987565344076
3.035928481212584 4.967050646147972 1.9298157782970446
2.983384641077885 5.074969569875495 2.0076266116632784
2.988840824822189 5.0800165781755195 2.005891698182911
3.0128723165757867 5.0157594364255225 1.9487336312745105
2.9971339202729617 5.053160226479786 1.9750739896284417
3.0080002833369073 5.087107735638394 2.0040595092606663
2.99800265995038 4.963454549927724 1.9273330464265725
2.9699564746253406 4.991889878326901 1.9678726059382756
3.0561844816203934 5.023456945586682 1.9895544713954505
3.0347258268044284 4.9426581729902965 1.9242847997626065
2.969745957993852 5.022848352472585 1.9762626347196095
3.04119949650738 5.011369968272184 1.9519598129411757
3.0005264014483846 4.990928235630352 1.9907390897202915
2.9772091574765898 4.987551275971133 1.9474647626846975
3.0375019949917066 4.938262277250394 1.9433554428372888
3.003494312178747 5.073207990100709 1.990414870669515
3.0276952420923022 4.987377149320084 1.9358526651993948
2.9705517170327376 5.034931238801137 1.9895345682038468
3.0302850086273576 5.068913863304026 1.9886169100200257
3.0158117237846334 4.922229789324662 1.9240821978221705
2.9755020534412155 5.045755294039323 1.9845162264982745
2.9913635688428686 5.08102451963376 2.0055942883436977
3.036259770731955 4.936576238245955 1.9417699537143154
2.988409091894539 5.047204100095899 2.0154442591144552
2.9928253783831096 5.0676148495186695 2.0230908807808867
3.0052000592040122 4.932481702098949 1.9210297023104963
3.033927257434822 5.081051272547247 2.0054677600957667
3.0348104676053023 4.997198732739293 1.991847578765321
2.997927648241177 5.068636192846312 1.988302933501247
3.055381473726599 5.037247807692566 1.9902065171797647
2.9915887694247467 5.036736260819038 1.9660603830629455
3.045035412937494 4.946792811264669 1.9409652825361168
3.029806485745703 4.98252600247882 1.9839496661046565
2.982873409493783 4.988593850137646 1.9816028839378799
2.9860880612307508 5.033549765207928 2.008273958665035
2.987177912701289 5.0675211896963335 2.0185028415909807
3.0121495089693657 5.0334529960056225 2.0144559165830933
3.0424397323462014 5.0375668698290506 2.008178773171205
3.0089852225720257 4.991904190133584 1.9916795964626555
2.9981193783282505 4.946264735488419 1.9246430097079756
3.0067667540362164 4.9519132648124256 1.9624544627847664
3.0238360539326736 4.996213750802171 1.9401856567168017
2.9721142220149943 5.036482612208186 1.9893905721905978
3.0517294375075474 4.96886058765591 1.9462893941398938
3.031417169387775 5.044306289009473 2.0158612792285515
3.0148127806077274 5.021125319792231 1.952925120187305
3.0121175698362452 5.089769620161441 2.010947471017899
2.9919632018583924 4.947575274991613 1.9525666464186597
3.0171015390634826 5.031991444205876 2.0132560269404145
2.9752274554887714 5.040023886865827 1.9825587322695295
3.0210479550033225 4.981851607821568 1.9335812807281707
3.050681619384377 4.965098518389819 1.9462582615482016
2.9939878777047513 5.056397561405402 1.9805449939272102
3.0463088251382113 4.983832131329674 1.9435737940066424
3.0159194647781504 4.991285958357327 1.9908755901079531
3.029922822318607 5.059962810496896 1.9823292823369962
3.0183129866399723 5.072724140242689 1.9911048261692237
2.9949939726463386 4.955606092451917 1.9616539003606779
2.979573873968193 4.9850057248037345 1.9751286328700388
2.993266212256394 5.058544325729003 1.98280218220905
3.0509932138479527 4.969222834873934 1.9569534486266567
3.05106567005096 4.988854603520684 1.950421543530908
2.9878071929012955 5.010991766708191 1.9968177999506116
3.0183157823677247 4.9275440855325465 1.9339720569924266
2.9716386547222546 5.011575640181823 1.9796777886622416
2.9886205782080872 5.026930845512258 1.962420154985772
2.982310278586576 4.962685611123292 1.9396544664625073
3.0111641610739985 5.090274732755957 2.0217206448009595
3.0073406670439757 5.076517341597065 2.0264298675927868
3.027196894804109 4.931739021915356 1.9368558898217425
2.9868267200556846 4.950044486005871 1.9353654644093807
2.984564547119468 5.0488476484246325 2.0111076973913806
2.987985710879866 5.069044992535514 2.0162227272090876
2.9964950891060065 5.010225347362807 1.9500507950455463
3.015017212880935 4.964389184791265 1.9717614413629578
3.035390039627241 4.998478574986491 1.9450748049624198
2.9884755538003747 4.946268061489446 1.9354201730333869
3.0145369420314534 4.931033078584533 1.9237290446825626
3.0155585417689617 5.0562014509825755 1.9776202772478917
2.991206764552354 5.076640191723329 2.006327952929862
3.0183254144250653 5.043106006380283 1.9681383811993256
3.024065156292026 5.077588100910666 2.0239007608280453
3.001662053834578 5.079545333389684 2.0237627352525474
3.0050639338206304 4.956593174034106 1.9643545146441364
2.978642091852336 5.0177339742589835 1.9646385484459372
2.989940223914048 5.047278661453302 1.9767676175801245
2.976817957922977 4.988005830843594 1.9718991038302727
3.0459074652202016 4.995672398048565 1.9500061479410395
3.0022792374045064 5.06077085412493 1.9830777870279679
3.0446837699491205 4.963073158104797 1.9577778934776346
3.025247754350726 5.072761769239902 2.0228332909721316
3.0339382712865315 5.057287938429267 1.9835338846373898
3.052296326983266 4.982619424033326 1.963499462477183
3.0078072460002128 5.0267192744355125 2.009184744123895
3.003676687445452 4.9902211398050484 1.9393511705422706
3.035624397097883 4.954567183432219 1.9570887373311396
3.031618329975529 5.076697330612021 2.004613848916769
3.0215768933343274 4.930624346954616 1.930976434279614
2.9970450296585867 4.947596428787305 1.9525188788745345
3.0016130733932993 5.0205322939158705 1.955505516553913
2.98174973987972 5.022877286105966 1.9972542410511163
3.0340671202969953 4.9921072296133815 1.9426988360733106
2.9794865206671552 5.029361922447816 1.9978471722770408
2.988699528640477 4.950435285096246 1.9476210058758086
3.024597800489406 4.9903303660660185 1.9395097501878633
3.037292905972526 5.059692732178125 1.9887121292741436
2.977664184093332 4.987648373787201 1.9535592080467228
3.0158529595691315 4.931560446085911 1.9276904273203033
3.0536298752841784 4.995523817930598 1.9643314228843025
3.010173660910633 4.955641825513988 1.9267201477080074
3.0509663268896707 4.998400960560566 1.9582181496336988
2.9956919658666297 5.075363380218811 2.0030081572328187
3.02034740446053 4.978408599849114 1.9800656140624662
3.038864335034517 4.972539086371591 1.9696848830179403
3.0338668349496496 4.9523597330588895 1.9307003218623133
3.031773078158096 5.037133281850226 2.0100528797831565
3.0324955969176366 4.986404974693097 1.940174485404228
3.0171192818158103 5.068278982711274 1.9899181298937711
3.0257388879386644 5.0779030429373035 2.0036823037634828
3.0474723060559654 5.043590983785284 1.9986152745345778
3.029279168252557 4.937381438346665 1.9334766571855264
3.0534065896056712 5.005580435213762 1.9695230998084179
3.0457975088880596 5.006453987203722 1.9869713515373078
3.0083532391479713 4.962381309224139 1.9679613213785783
3.0333381500817147 5.052147191422226 1.9804321869340613
3.0135993488809962 5.0065323751540065 1.9978379144970928
3.007019930160508 4.953029196382342 1.959815621744091
3.0310551063763134 4.979239935495986 1.977829987622464
2.9884940864244136 5.024205822066695 1.9633820815116985
2.975507532346231 5.029807816899245 1.9851617129665324
3.043961236379749 5.011397014369845 1.9585756404105745
3.023012927143257 5.076918656027485 2.0200983614142483
3.0477734368807186 4.975940824350565 1.9486682163546516
3.011626042871417 5.044961269775946 2.0159166574070544
3.0153285607157345 5.038335244996843 1.9666778519070138
3.024305279035488 4.995410320888283 1.9898311952045584
3.008634421738857 5.060398726868981 2.020353957498911
2.9957544380300187 4.97977074545159 1.9773932504838034
3.027127422977621 5.061238929966518 1.9867897103574095
3.0247836737299583 4.942984885198933 1.9283546251392167
2.9889395564285697 5.024730631195003 2.001062495870101
3.013748919281828 4.9371099097616895 1.9279621181072786
3.018285217256105 4.9457810220406895 1.9268853348926076
3.003114277865362 4.938456127148136 1.9387530595043536
3.0300349013347576 5.055072930520072 2.0151661653523907
3.031003452765268 5.023205473810852 1.9599642303757572
3.0242158546508255 4.944901656825308 1.9495169853204177
3.005320636874997 4.957267335917406 1.962037101421787
2.9937463738146874 4.996219614605071 1.9872567443356903
2.9923664052709458 5.0691457450667965 2.0121642695722453
3.0181135994270045 5.023897000708228 1.9581335181490407
2.9896159290583664 4.953928809405001 1.9406230891143155
2.999233724138066 5.0770236739826 2.008909860573767
3.0255916114276853 5.034640787310469 1.9661562502421273
3.016156664056542 5.0818198972264295 2.013714016071507
3.002977800578022 4.969638145291364 1.9713594760149087
3.0312508040777386 4.961700513058044 1.9332061204105848
3.006205180451852 4.9632354181192015 1.9311793582177652
3.0036836997285836 4.955131827502659 1.9592477528836745
3.0007554918417387 4.9421746585317265 1.9333134695824186
3.0138898961601504 4.949033947356386 1.9547080025262282
3.0290709098893838 4.947419236008409 1.9489851604421222
3.041480919892956 4.9677472754746645 1.9417435394712903
3.013414860033441 5.014498278156607 2.0008778557333744
3.0189391162376027 4.950254956570532 1.9282898984807693
2.9979977677396024 5.069953608929503 2.0163774812425412
2.977925135521069 5.003237121139985 1.977492061273658
2.9951263235166827 4.993297192089055 1.9455634359646956
2.9963153682369126 5.053747287721164 1.9828897757050572
2.9763688679218214 5.0082646379340705 1.9740973391407421
3.017049390249552 5.0753869549707895 2.0013937594614024
3.047636674237679 5.013362063116396 1.985393513770965
3.035851719627243 5.039115225808969 2.0062805659605223
2.9805993289442325 4.978913204837364 1.9563668511047156
2.983037870271377 4.979882411092137 1.9498776349173883
3.0198318169828915 5.008362278542952 1.9503113802862702
3.0306773301960948 4.948272227379223 1.9341298910220917
3.0232070398570556 5.016591680434502 1.9553422512746033
3.0195588563854137 5.0690262926582434 2.0185198304285112
2.98497813727358 5.052677339009523 1.9980613253171573
2.9785314277446124 5.006644636915966 1.9676000378702083
3.024711921516076 5.020983491517418 1.9586000578024343
3.0107798224286713 4.939291307110664 1.9350440530033677
3.049370984551802 5.004112194534113 1.966924980895016
2.9922268653047004 5.065682553058187 2.005878369638377
3.028394694305516 5.053156229823883 1.9827097746269027
3.0375320684216796 4.96822891360069 1.9402321119751487
3.007121175172172 4.940533040784413 1.9360111628602326
3.0413792357561413 5.04980038040889 1.99080589020442
3.0226332196449923 5.050416306833891 1.97871660273524
3.033031111702471 4.9555119062449275 1.9530840641928022
2.9879138748315706 4.966820365830781 1.944328766373816
2.9867106283718172 5.013332592285931 1.9913176826908727
3.040875227877402 5.044849800003657 2.0016728666701016
3.0442759453821493 4.9732856979069915 1.9575254563782494
3.011008241868611 4.940996504449587 1.9402730031311888
3.0292600936815237 5.025181848327555 2.002333089197633
3.0323284327517177 4.951283915741859 1.937363207277476
3.0000165393605727 5.033503894314359 1.967784943285658
3.013475475440088 5.074046589195633 2.01679329030851
3.043038740321184 5.014488593943404 1.989090747007105
3.0430146854058897 5.044128555792016 1.98818312115336
2.985409957857095 5.040180702426816 2.0006173255779833
3.014868135358916 4.989635754285062 1.984800592831408
3.0213618340686894 5.035157186745681 2.0085713268967273
3.03221008994994 4.980342871643331 1.9747545073388149
3.0192520465813732 5.068614004936493 2.016918198796308
3.0096113325828573 4.975532935348934 1.9364785732192702
3.02660097664159 4.973234376759938 1.971485544879297
2.989672252474435 4.967028380439186 1.942904540883007
3.0295304078019596 5.046178565795685 2.0100523616529182
3.046360187636669 5.00812486768103 1.9814918782361834
2.9792921617836106 5.015224589029222 1.9819254708854637
3.0421717240782153 5.003335460676976 1.983572520835353
3.0239464665332494 5.066646454390445 1.9955171865286367
2.9824196779589847 4.991534610644313 1.9725443797553066
3.0325331989297304 5.065041322561849 2.0017862212361544
3.022581714487749 4.969646575292475 1.935058085229001
3.040048862777764 5.041964314170855 1.9816229220636818
2.9954830168623614 4.974306829429931 1.970036230949259
3.0071766978193786 4.959933184796632 1.9617738357919399
3.0015264723602213 5.023670535511846 2.0025957433598283
2.997963034607497 5.06665055514298 1.9992852565878847
3.033763676275254 4.993852345145205 1.947843845276942
3.026018507483514 5.049399779842791 1.9798081791683635
3.0395783064034476 5.051497673577491 1.9931792130901291
3.0356298911909576 5.046288026331561 1.9822267819809998
3.0070430556861734 5.058013443639805 1.9860201092957048
3.044020937700613 5.0087152840896465 1.9839541374947913
3.040701575728086 5.0178634430191265 1.9648230693484963
3.0215563446471534 4.975683403165286 1.9373499083760688
2.985169782513157 5.007361951738579 1.9608268342694315
3.0358573168576353 5.058032089240568 2.0032893393720173
3.034025608612562 4.987783131241996 1.9460562741560248
2.9988799113512075 4.950415537763135 1.9420463590795933
3.046241151009217 5.017333871904311 1.9834125980305846
2.9851383208128173 5.037867544023854 1.9971761087417716
3.0287768538106414 5.0499489066133405 2.0099812742128367
3.029037313452365 4.994662448491744 1.9472172266529526
2.984561147240326 5.004769602374619 1.9611703193220325
3.0133567238669965 4.991999460049954 1.9440371666017287
2.989970044613774 5.018095717797035 1.9939281835014926
3.037720046772958 5.019995798934365 1.965014343578886
3.0283219565516446 5.060203933662032 1.9928851232393234
3.0279746091760193 5.036381255590938 1.9714779273557124
2.9894093566673305 5.041130573043328 1.9809348752088807
3.001423818459641 4.990261140174069 1.9450538111857991
3.0361164807930603 4.999128439101207 1.9837094600108018
3.00936739137318 4.956679838990869 1.9573349139686433
3.0250974606589267 5.051904521542338 1.9830572680456562
3.012180696608641 5.023544576173017 2.002669733672082
3.0193276515507983 5.069813692487757 2.0127506331932836
3.006864535151268 4.9625673601721685 1.9623373362603338
3.0196066038428775 4.955305956536877 1.933616679652086
3.014034706557325 4.987663927418058 1.9819726627425145
3.0356067244009166 4.9605484265043165 1.9444215535885396
2.986488620477299 5.04014980977916 1.984938052093386
3.0160953956159338 4.9560392059845615 1.9562313644496738
3.0239735493135496 5.03893226756652 1.9728327975732065
2.9862028151091775 5.017106347764 1.9673883450083538
3.030499279500927 5.0506053491738285 1.985137800161938
3.0388892445529168 4.9738006271565975 1.9612944428933112
2.987341680723479 4.988897787365407 1.9727320159392328
3.009979901855775 5.071141103470457 2.008077287548445
3.038247016006354 5.03696056910421 1.97910414778369
2.997638553668981 4.955656166485533 1.9468788292626145
2.986585423586024 4.978504000110648 1.953434878399919
2.99679350230078 4.994455660307025 1.9827199996440954
3.0018249147464116 5.063512930374323 1.9969776506385304
3.0097019332188477 5.034387870563046 1.9690224472702667
3.034882659456786 4.9786266264253465 1.9451429473911728
2.9967481313596918 4.981430206236556 1.9733676753871627
3.0268697820799333 5.015673811806917 1.9959080454069411
3.0243837609460478 5.060863103612081 1.993589070583336
3.0061821171521204 4.949729475226312 1.944813013723134
3.0391101408386905 5.041272635095234 1.9853296020996818
2.996857979349154 4.990443822770521 1.9796430957064226
2.9853004894771344 5.014435424710166 1.9679986762193582
2.9896232910315543 4.999974064787243 1.9563576889924061
3.0309502900537373 4.97996288143468 1.943783784736871
2.996058181086262 4.958905068156282 1.9474320326976766
3.0231056597666264 4.9908142803833515 1.945609945351965
3.0112110757457167 5.045999105365816 2.010310366753966
3.013202350368183 4.9497440525702805 1.9463959361886582
3.0060856580895563 5.05224679027939 1.984101699491868
3.0180364291385042 4.9944861467180015 1.9849858536124594
2.992645806274559 4.9965028831549985 1.9531843246208762
2.9870443478401985 5.034619859650032 1.9944209489812357
3.001761999673462 4.956467098698718 1.9398265829942072
3.0026115397610087 5.039880697154753 1.9750420351383107
3.0080678690510765 4.955189782720471 1.9524656639831848
2.9900795873965365 5.048774448136325 1.9951023676490216
2.9896803841954007 5.026934795832006 1.9724717167340324
3.0300252686351903 5.023760190440774 1.9977852456322112
3.03890545612081 5.015384219234738 1.9657384538210478
3.013020665104661 4.980725257002498 1.9755508472454897
3.0171025247063326 5.067711795694207 2.0061752950144216
3.0429286857602813 5.008320263187282 1.9667316153015577
2.9994491174458506 4.98041464871178 1.9726580878745257
3.000951556048779 4.957755853146159 1.9408306285025034
3.007366749895514 4.974754317838432 1.9399793574480293
3.0304040117072395 5.057378884675854 1.99817974372432
3.0196114185846885 5.059194752041579 1.9918000823519746
3.01168849121624 5.010667248809065 1.9553060019518846
3.023533548615389 5.0440307698718945 2.007362725572852
3.016525036862789 5.067005246624388 2.00433598589116
2.9873977023812133 4.9946896299216315 1.958007070895641
2.9919243908296904 4.985551762651153 1.9718580351855854
3.0433325762011836 5.010864702156332 1.9701209950224061
3.0344864357456913 5.048396946946056 1.9905474566893477
3.0309551011888454 4.981472688258737 1.9455726849188848
3.024229562030315 4.973845204613333 1.9407535489665868
2.9903766303631416 5.034111590270527 1.996958418204873
3.036895703355648 5.028700487160823 1.974080840850413
3.0212468645803954 4.952261437775277 1.9438974243493392
3.0277895823593437 5.013433881547778 1.9592701917887745
2.991350176679516 5.045263371889162 1.9887972824449687
3.0122938006742834 4.951289970814216 1.9430464970195802
3.0250229222996388 5.0403163589846836 1.976579196525208
3.0034084036768682 5.017963305416185 1.9964210408992393
3.0018368440450596 4.990776708027852 1.9478876259540532
3.0189446207922725 5.062455179446029 2.008588484207567
2.986131746699572 4.993256228238785 1.969153817871478
3.0242484363408955 4.954807501154851 1.944611874405083
3.0193289883732377 5.034426189351827 1.9710747804977538
3.018933060074948 5.026421454918409 2.0010220568480412
3.0171585016557954 4.98095553931116 1.9425042596321518
3.006641947135899 4.96256288265379 1.9391296540060963
3.0179414766716715 5.02163203382857 1.9988017841347285
3.0250126768368784 4.956822993934584 1.9423583733279428
2.9934626148933186 5.005664407085189 1.9854675944670817
2.993892629506073 5.044737064504391 1.9862025805787762
2.99403267146152 4.9890150698264355 1.9513622571621343
2.993937189923433 5.013165117233515 1.962763605818585
3.0150639079866486 4.965675094200056 1.938801198379503
3.0041141492141628 5.0359140468783945 1.973524669750768
2.9863902619765206 5.000893331582957 1.964699043472489
3.009289113485028 4.954954931372079 1.9412873941676194
3.0271349985083877 5.010709455752568 1.9583879012034173
2.99593077369758 5.048929913316849 2.0019791166043053
3.0104979136159065 5.052770988802005 2.0090031803330892
2.9979010375297506 5.05538201156055 1.9999991189467905
2.9999916746543005 5.056807919575043 1.9969751412944492
3.0011801953742863 4.973423996215355 1.9435382558865955
3.0139535759620806 4.971764187943334 1.966666152087926
3.029164423516779 5.050317754914246 1.9901677468242653
3.0128343451334816 4.967049965978015 1.962412935877815
2.9954859952169786 5.032772882256072 1.9753243790594832
3.0090714244302488 5.048874456585508 1.9835579591151267
3.0146238994688335 5.06098270685715 2.0072390237204703
3.0103480786492964 4.998481636703924 1.9507871410630027
3.0230179234667522 5.021183889649601 1.9966607719374274
3.0118601603468997 4.957042237151143 1.94989307785244
3.022515993539378 5.059206785292485 2.001439764692878
2.995716479521902 5.038875701316029 1.9997925380284514
3.032419624187516 4.996801900671905 1.9545011816998485
2.9975846828309423 5.006713730842126 1.9586007321926422
3.0116897590877807 5.061427306673678 2.0012426164624544
3.0099280187210415 4.9614310191726805 1.94097802940577
3.036924895271757 5.0265208660771235 1.9764977525799177
2.9878608032555523 5.016344441302163 1.973308453584426
3.026696677354957 4.966421400826388 1.9442976248183366
3.0118982062236155 4.998460086551625 1.9513568821251206
3.0405757143764305 5.003534396170638 1.9700520953455531
2.988024348304068 4.995307031204127 1.9667600580263664
3.0163037215167154 4.970132976112708 1.941527417044244
3.032914754538546 5.021194302558765 1.9690478783437448
2.991600784021707 4.989262346890939 1.9697973109324476
3.0324054485041523 5.000492493517358 1.9808585533638454
2.9942947547368535 5.044975546947553 1.9932051594506692
3.0073588096194803 4.984834589294373 1.9464252850730779
2.994957224242847 4.989088291485217 1.9727783311547515
3.0383456095738683 4.996070086049651 1.9712204248472238
3.0231158973841525 4.968152087340162 1.9598213297787983
3.027192748162804 5.045149019760039 1.985575734918147
2.9956988766093575 5.041993058212642 1.9979006149631553
2.9892057865161554 4.994893839911628 1.9692692490809949
3.002851050904572 5.046719617713831 1.985661262301842
3.0138329226353933 5.059009064294631 2.0021233276485093
3.013272532124276 4.983859364956297 1.9459085154862055
3.0304579382641195 4.982016525776849 1.968015534365207
3.0169882517687934 5.011903965473153 1.9917237249157411
3.024415755911938 4.998486104950323 1.982546166414967
2.9912633467497822 5.018355194005441 1.9865242188349153
2.9920170346452752 5.0118804560455406 1.9667645838013736
2.9895822028704373 4.993310401138903 1.9649440669220042
3.0224362739461013 5.050287241543298 2.003237475479909
3.0258163857849563 5.051685438209791 1.9955887277070017
3.0210748476101923 5.029791517776448 1.9709852420131846
3.0080193042410612 4.969071189209472 1.9434140005537646
2.9899371327581803 4.9964031136448765 1.9708662516831432
2.991994152880966 4.984220455381173 1.9600226988655598
3.008042341586939 5.04748046884159 1.985305001503319
3.01844917845336 5.001756537435346 1.9540629357913109
3.020276152394661 4.967938970443549 1.9434735855243783
3.018175783606463 4.985262176123234 1.9744418886850934
3.0144489083373145 5.042610879604194 1.9805628595096088
3.0121422070006796 5.057242568198476 2.0003027625104957
2.996809916512977 5.008515374425167 1.9854264461070876
3.028242535846495 5.045443970432876 1.9979331669276639
3.038324473053061 5.011515780174848 1.9725135648031213
2.995581490957791 5.030193299363283 1.9770089620221682
3.0262209572456915 5.046191276647327 1.9996913404990706
3.0136261373909354 4.970661312809747 1.9623563291157131
3.0116921238771894 4.971217742025701 1.9627522173829455
3.0208642062891737 4.978524204217267 1.9458539468056784
3.005275950613247 5.050789430685303 2.0024148120710543
2.994400717775459 5.015891436949446 1.9680778797346477
3.035081770832945 5.031491266437079 1.985070183725535
3.0273192423577413 4.968777417175471 1.9517208446212417
3.032207160100931 4.9839850898187565 1.9536556639021567
2.9936420383265085 4.9890403951566 1.968473708392823
3.0290795121715974 4.984610787372975 1.9692653853109672
3.0202270088043366 4.978233929818547 1.9461710164641808
3.0315792728499122 5.011094408540726 1.9644090052851806
3.0105917275825487 5.00659087768908 1.9877330576567864
3.006777771590892 5.021353112123488 1.9947934241021463
3.025591051283725 4.985257361454202 1.9499347695699814
3.020307080457216 4.996413908084256 1.952887042710517
3.02033189755327 4.996437492345563 1.9807502138897775
3.029401836537243 5.010476232337962 1.9857205491533265
3.0061845698448026 4.981350882699393 1.9695936076565097
2.9922226780972676 5.017796506407262 1.9842636175110067
3.010057941968334 5.051603228966882 2.001897816497554
3.0022329714270035 5.0459854841203065 1.9991938895239643
2.993393804854697 5.032239057985659 1.9876842851628906
2.996794722880693 4.986504495110102 1.9547584446239208
2.9984782062530484 4.981535736774721 1.952591625505594
3.022302609878565 4.973398087417027 1.9618272105947598
3.0239617663125413 4.988470104195564 1.9740009289705862
3.0021536059025653 5.015685320834241 1.9648202769821546
3.0114760683155604 4.980072362391121 1.9690339553981506
3.005370624783642 4.971079670036611 1.9480253716081288
3.0099209200128083 5.038465067909549 2.0007839934496148
3.017188708021094 4.9734406592412155 1.9628832105891634
3.0162564562211496 4.9653699503503175 1.9477345403895319
3.001353689993604 5.026587573292481 1.9944348365288915
2.9992463584124076 4.977454187790498 1.9601066365296302
2.998293777345933 5.027606109776459 1.975259737528853
3.0329860549643377 4.992397022757082 1.9589571592661041
2.9937012071265894 5.029300621099769 1.986646737847263
3.007150807197127 4.984255532400095 1.9494808872272364
3.028903970411863 4.99725100092783 1.9771026767455313
3.0292383675143753 4.980874799894263 1.9532521391884803
2.9915066054870394 5.011879813733566 1.9769589450717173
3.0001360454596018 4.976305437500888 1.9586472257417111
3.022168793707572 5.0319021508127255 1.9969589550329394
2.9964560031061493 4.983147795009124 1.9582209204419263
3.011233454303983 4.96654424992651 1.9490316320194379
3.030616509409365 5.014659313142393 1.9676985365178896
3.014639280087593 4.968305503524703 1.95620674985598
3.028945475587016 4.977518408699536 1.9571020638649206
3.0145156209845636 4.996354241711875 1.980190603722143
3.0350943272828723 5.009082479938481 1.976735444638955
2.9995247142106347 5.012427683765338 1.9862190989306083
3.026619389084413 5.001030788924018 1.95853900870233
2.9984973353610886 5.028467580353213 1.9920500440203803
3.0173395500142837 5.043894641646069 1.9997992208796755
3.008013160189775 5.04565651405268 1.9889126886729023
2.9937786356043112 5.005643750196387 1.9677101257408556
3.0261921287487743 4.988219409924342 1.970979446107715
3.0162221245291954 5.049024286510091 1.996041680305305
3.0158055049408166 5.024604036074953 1.9945059165743046
3.017139590120875 5.04606244306391 1.9973267386007645
3.0156776664231497 5.02152787524149 1.9926280580230191
3.0130504871817463 4.994404517736908 1.9542932013485008
3.001358256387899 4.98466810060712 1.9554987033175921
3.0272592247436054 4.981937310971729 1.9572293308822155
3.0270489310523936 5.0334411701899375 1.9838944758494486
3.0224501866541402 5.00976139585667 1.9631964711358205
3.024969903459488 5.025782366246765 1.9747082430243594
3.031667256636741 5.009122760241867 1.9777848521724186
2.9981167988479167 5.022705968682174 1.9761653148385383
3.012272742229785 4.973240927684969 1.9520397800838936
3.003848588063063 5.040207857902386 1.9906430904074037
3.0009430611026016 5.017382945119923 1.9868916571296453
3.0013978063625224 5.036671966001727 1.9899434526134205
3.025567648294334 5.00114482068533 1.9604226401544218
3.0111571915391995 5.034079158235987 1.9790346858821304
3.0298643268182053 4.991904361086077 1.9618176616860963
3.031424774236946 4.999144851948166 1.9681299913849202
3.0290405012125654 5.007989793431803 1.966758564740675
3.0020035284426827 4.987951989926686 1.9571759543766551
3.0140470960189374 5.0436514052813015 1.9937255110538623
3.014845984795389 4.993670554791866 1.9554618872756842
3.0121170738189407 5.0323615179893615 1.9785975533956046
3.0203105847031746 4.999685292791053 1.9784062793916257
2.9986628772039725 5.00504880681832 1.9666925291422246
2.9982593057757674 5.0080542147825975 1.9779927342234744
3.0256779857209706 5.03070357730434 1.986623387131762
3.0210752379596735 5.005406015923592 1.981210419074362
3.0261319438282666 5.027635872165896 1.9844406124430685
3.0162387997056173 4.984756268118366 1.9664977226635008
3.029158948802906 5.0095851707262575 1.9759173691882097
3.012825607949737 4.99463936377217 1.9578883751103007
3.0008871007771014 5.008021730468344 1.969992134738387
3.0082302797488087 5.0152334898573985 1.969468120170367
3.013019516049708 5.021753806396524 1.9731282951508167
3.0149333142252654 5.018477004552887 1.9868959672557374
3.0171762654411194 4.994512780559925 1.9595733199771905
3.023881931764672 5.012314368887809 1.9802666389585621
3.0234024380151876 5.022500622424229 1.9833750818686726
3.025146673727015 5.001161818453902 1.966922675353242
3.02506362766318 5.011294659628111 1.9727776129118737
3.0190133697924564 5.026696066763049 1.9836391125404047
3.0074020515872957 4.99579831913138 1.9637855982218986
3.0106763909155325 5.022615851052778 1.9768262764158127
3.0066779999095115 5.0196016491750814 1.977079942110794
3.020840562258768 5.016865523484854 1.9754289922475294
3.022418814028418 5.004262532301294 1.9696541876027427
3.020030881764159 5.00700157383508 1.976567495199499
3.0191559952593314 5.018556424094433 1.9812595160232471
3.0176855993230625 5.019625900779652 1.97952339336273
3.014515858963443 5.01235293727463 1.9714867125916942
