mu sigma
3.078676323233782 2.759444305341037
2.892519302561098 2.8221144524680843
2.950271746808926 2.8668601365326003
2.960826434427996 2.868328396965758
3.014339508548961 2.8691179334077335
3.036478079746873 2.7431914508193684
2.9422329031714907 2.858704566985431
3.074674657045802 2.8357863387361855
3.086135139396378 2.80258335835415
2.972643735191794 2.740498228039243
3.0789512903128777 2.8199284376564338
2.99742842036973 2.739312439997186
2.9686767981820883 2.7417481397675862
2.904923423811661 2.803197316481981
2.978882496355146 2.863631635018367
3.078493013711234 2.812447610388053
2.9873564371403782 2.742329491377716
2.9100130580191177 2.792176543959943
3.0164395555133305 2.745641709173458
2.958471553841857 2.7489179189767867
2.9211087344787856 2.8288846767954565
2.9168783719944265 2.7845125466968366
3.044604634288981 2.7588597318994252
3.06610805595086 2.7791625863779226
2.971197493343067 2.7477250981608043
3.0723654591778833 2.795699375922916
2.9997376854147872 2.7461933708061483
2.947748013457916 2.7562686368390077
3.0342607638434864 2.849367705549109
2.9260096313333337 2.773641633901807
2.994849070341876 2.7468732040186206
2.9453065845220245 2.845557892665172
3.033519810667788 2.8491304737746233
2.921845715011251 2.7803711485000364
2.9823752947179165 2.748292933724353
2.9180988647429684 2.792614009509713
2.9172697567203794 2.8031568100746846
3.055398932707069 2.771967361897645
2.9482745078513317 2.7595830535976957
2.9377159200753495 2.8369120570300947
3.0127690778926426 2.8522970400355114
3.0487800601211235 2.7676758721348897
3.0108437714017318 2.852482596394438
3.010902418792773 2.7516250368001476
3.0608541120789985 2.8215754498126184
2.94995168859396 2.7603161697180494
3.0235728074032684 2.755054745820739
2.9684267996747034 2.7536872669982007
3.0356955108555974 2.7609656348071003
3.0097294882541754 2.851317714866214
2.9802499328454264 2.8518153201704646
2.9540044674222004 2.7594045878090183
3.0575208016678213 2.8238396807876844
2.9896040304547484 2.751585456556958
2.9343854977815855 2.8303374682671167
2.9919079946466285 2.8521434774388696
2.922166451879469 2.8034918179971697
3.061059579613562 2.7875285995860914
3.0276174217444485 2.758190781222279
2.987317480656499 2.751982515565177
3.0215677531760052 2.7562349532772075
2.9797941574723286 2.752914308842913
2.9896058966117907 2.8514708015644437
2.947191222306937 2.7648578917987923
2.969175220745222 2.8479834728696787
3.0268476040390517 2.758906583911373
3.0319940060641555 2.7614583088063194
3.0110283704133223 2.7547638786442468
2.9875615444367183 2.8503301967617367
3.0578086689505266 2.7853899998840435
2.955854196931595 2.760989643415981
2.9448982113807625 2.767509441032514
3.0570272236089897 2.7846101752530728
3.031140072007936 2.8419731267638193
3.05398012784663 2.8237338199010127
2.9760464042725374 2.7551494873732447
3.0574680408504045 2.7862537600625332
2.9269095473641213 2.810091570853994
2.962931121335483 2.7593638000630833
3.0591633507403895 2.793883906637502
3.053696346121596 2.782447698552783
3.0593453217748108 2.7985973366579273
3.031550546887699 2.763538485839936
3.056775896999642 2.7888736884909915
3.0563270980296844 2.815880846261104
2.9406861187618456 2.830427596266671
3.0171119185202064 2.84533916026232
3.055209058768296 2.8178685058780455
3.055840390724386 2.7877093032245437
2.9405104663837283 2.829692767947459
2.987674355215681 2.755653878731728
3.0015756454412235 2.84751982534271
2.93033217001178 2.813879352112667
2.928119466009322 2.8022574716192654
3.0124752005003073 2.845599820444697
3.0038628489341 2.8470312716741675
3.0313672497144357 2.8386262165695353
3.0334322446646347 2.837495131689866
3.0570304938414234 2.808568845368689
3.0551285271978057 2.7890222453798366
2.9802223315237537 2.756974717423497
3.0458560516592836 2.827707438372529
2.930188908953216 2.8107597468676913
2.9450366681342754 2.7718398730696094
2.9321403161663206 2.7881127996041544
3.0238662560740504 2.762161426561173
3.019580628252389 2.7606577041888314
2.937841110727055 2.824348292053074
2.930376435945787 2.7936527178977566
2.929541960398571 2.8038291600289353
3.0073648532445683 2.845567626283115
3.0303439636234657 2.7653384377942505
2.944862229676506 2.772540313498335
3.0294359663769956 2.8385101828396824
3.0303320130238824 2.765513933556891
3.0534308576483205 2.788203958635908
3.0523593123520563 2.7868302343794653
2.983636689999691 2.845663587107274
3.0229183120124974 2.840819898258567
3.0347819821151862 2.834892060607185
2.9778315466259695 2.758843107997715
3.053344658209531 2.813540700783469
2.9589502923132955 2.8387207106927095
2.993939351809003 2.8458526894466067
3.0153499085010873 2.76046331314167
2.9473953726712483 2.8316297612456633
3.0469532095147445 2.779777093860986
2.9754569440256926 2.759834081104961
2.9315348059313955 2.804556162929531
2.942758653412314 2.776742313616294
2.986908592959398 2.8449088547112247
2.9419877894678335 2.8257951098986074
3.0488810216523166 2.783820269477827
2.9559401949249136 2.8359307572420915
2.9605156390698752 2.7652690216146536
3.0173799422922345 2.841176147110547
3.040421151381227 2.8287981701645575
2.9411226037629583 2.824052533130794
2.9576960262876844 2.766796758762662
3.025062879851853 2.8382161847643212
3.0535898200854024 2.799714903460801
3.0205715650277263 2.8398332538565834
2.9434018494914205 2.826025365351945
2.9824937596938867 2.7596061989704483
3.0225927782053716 2.764409220608885
3.052543850992685 2.7945458291620753
3.0520970682314696 2.7959216590518783
2.9690106174145807 2.763208453456318
2.9420752335751663 2.823264948647028
3.047443719037512 2.8186182556265864
3.011047013327488 2.841577666282709
3.0512445573991758 2.8089676169442397
3.027956076275448 2.768002143022871
2.961244393234521 2.8366216233314634
3.0331963888183866 2.771287852861888
3.001977863545378 2.7607169983811386
3.051110127313674 2.8072498491124156
2.936083375206395 2.810834929846645
2.934699217809472 2.8007297601811243
2.9811540004617414 2.8420434509639265
3.0144091385149494 2.763212197046059
2.9355543507437183 2.7949472247791434
2.949669784200852 2.8290668502034637
2.9621094532720473 2.7668283935157367
2.971231993605818 2.7635722609953906
2.9927252466705645 2.7607835681033537
3.0420049757709644 2.780035346730542
2.9364789862206946 2.794022333367672
3.047917537575086 2.814357688419146
3.0487184237706777 2.81238981752682
3.047873680442092 2.814289493190625
2.936775302950536 2.8101325205641308
3.0062992754097326 2.841179119299357
2.997983234936501 2.8420965867393733
3.050520502648841 2.8034352157887525
2.9567954138386865 2.7702712780701484
3.00989453825905 2.8402742104703993
3.0178674248570516 2.7652216789879267
2.9543836681471287 2.8313059362125657
3.0059698191082003 2.8408637377140025
3.0480519900851477 2.8119415957873457
3.049006678561805 2.8089001054667424
3.0206521592986864 2.8367402241008435
3.0463722932955797 2.815366455150256
3.0424265092324125 2.782356470283106
2.986355689311372 2.762028861295274
3.0234508573385903 2.835149938307369
2.956392596531909 2.771519492370933
3.0049726122351745 2.8404357952033763
2.960550421607953 2.769416999053812
2.9410066559196313 2.8160504075589903
2.9458193716545917 2.780596835092499
2.999277278539437 2.840667714628506
3.02573902861208 2.8333000064385194
3.0346652900786975 2.827457505474253
3.0081903997279156 2.8391821072765753
2.992702114194837 2.8406075845415897
2.9681756150934224 2.766763876144431
2.9486045630512763 2.7786677330167726
3.0215161892079005 2.8349353994930704
3.046393353925268 2.7918879193035857
3.0120870795135435 2.837930819102708
3.0363008030685212 2.7778691685746293
3.0470599490654573 2.7953241036146115
2.944591173790909 2.819453006713259
3.032421033986311 2.7747663295113916
2.9510416583210337 2.777049061450632
3.045223963173242 2.790281606110114
2.9860775867375255 2.7633488376239876
2.9863945618817485 2.7633655438841993
2.939622486868582 2.808585340187286
3.0462727632355815 2.809344531007633
3.002678100048877 2.7637824588192346
3.044492598018488 2.7894128673111203
2.9413665249785605 2.7902134948755597
2.9977306890900612 2.8396891756477673
2.961275596574386 2.8324727692034934
2.947213305243191 2.781471649533223
3.0383908121079357 2.7808238233601266
2.990730506231622 2.839578015592727
3.0150428119271866 2.836311070872568
2.963769506910492 2.8334240863508304
3.000935382041363 2.838956233105147
3.031543315845193 2.7753782555755153
2.9805988497526696 2.8382329741629455
2.9405032147691617 2.807759059104826
3.011869062877503 2.7662652260194642
3.0096314781107663 2.765714477855969
2.9425675307781662 2.813301641985282
2.998862798086377 2.8386524615279427
3.0307662084642155 2.8277421126093483
3.010410969583732 2.7663024506952585
3.044803394307346 2.8088065673011666
2.9935202835205925 2.838759477094299
3.045339283166784 2.8057758634317125
3.045548385445601 2.8029189254512303
2.9927977364597886 2.7644425421966723
3.0407313084441023 2.786117973350304
2.9786160187299653 2.8371395662547934
3.0052675799277413 2.7655082073247286
2.9470326455180884 2.819157442679356
2.950694200372093 2.779887798147695
3.0368747323551535 2.82186577404419
2.9432617685459994 2.7904263297587386
2.9660952384526023 2.8331385928832447
2.9449975338885857 2.815901943577199
3.0418039118174516 2.788364402749174
2.994563342541957 2.8382716197892917
3.015770755084471 2.8346025191161535
3.011890760523794 2.767274724133546
2.9415564819694313 2.8049222870622357
3.0023899226620046 2.7655177002391937
2.995970017594372 2.764995698003321
2.965679884329599 2.7707258730638866
2.964722383885638 2.831774236401872
3.025505876593997 2.82966745015584
2.9744464737420726 2.8352676741772815
2.9696463376354543 2.7693397564913544
2.956726702889258 2.8269732313127856
3.0182204937610746 2.8330244427266043
2.9441276634876923 2.811843056966162
2.9909402361415953 2.837581505435194
3.020120141822162 2.770935238169952
2.952220519313755 2.7800191141512576
3.043942829261386 2.803734670443471
2.952674061532093 2.779717917914878
2.9545748216475474 2.778057170665116
2.9912518140517874 2.837445255422417
2.974695765173058 2.834953790837902
2.9839423253793447 2.836789234890605
3.0332275743727677 2.823345424499734
2.999156243407519 2.8369480370954308
2.9761037587337547 2.76789016484598
2.998975735940305 2.766038372102057
3.0301116772924845 2.825683975463499
2.959759858484764 2.774948281136658
3.031089841281579 2.7782836084713636
3.002777641985447 2.7666370330543026
3.034883845858337 2.781861624622973
3.0187160752212714 2.770986814056617
2.957793616668079 2.776369697066983
3.04312514040825 2.802691531395503
2.9431312331776462 2.801694550239862
3.041851168781839 2.7941014599671963
2.9628849793732757 2.829486329031565
2.9789556146083114 2.7678150495040823
3.0426013177968185 2.804287781639161
3.0220108705476028 2.8299462982798778
2.9973232957859164 2.7665857852590614
3.0414451916393443 2.809085460325913
2.951461740988199 2.7826380402877913
2.978133117453897 2.8347752867409746
2.94548937555972 2.8106904784343065
2.9598748885313366 2.827286106052279
2.9888173882903892 2.836224397759102
3.037984985161075 2.787336135976775
2.9452223698517503 2.7937490306303445
3.0420532221917442 2.804187411285976
2.9444515205556887 2.806109149362826
3.038997855395154 2.7892727473649233
2.9786186597857105 2.8346033176160326
3.022469628289344 2.82926366125285
3.0420359480703416 2.8037387240930514
3.0266469249360393 2.7764760443470675
2.956434005372393 2.7789525677894176
3.0416495551226514 2.8027136714135064
3.0199475437528793 2.7729196479585507
2.9468488506309236 2.811785845473306
3.032529989236385 2.821394236703119
2.961244822960764 2.827240639389202
2.966285140145189 2.8299347787892186
3.026662565804561 2.826049875114146
2.9615615102714403 2.775862375296069
2.9557967986643616 2.8228788699749234
3.0268278608802945 2.7773375013764405
2.9456000880639257 2.8057072234063396
3.0354301237588444 2.8172268053769276
2.9457479150892047 2.805593694686903
2.9458601263564814 2.8055741675697505
3.0365568021984704 2.7877822572672546
2.968244535350963 2.8301155965224902
2.960682646098376 2.8260172591244395
3.022913838955839 2.775389030021398
2.9514748008131937 2.78552193666566
3.039398301922074 2.794576679624684
2.960899326482122 2.776997214237491
3.000449068960021 2.7684403965950977
2.9463356749499185 2.796926708293514
3.00691092886465 2.833293189745687
2.9826500678887276 2.833876165472499
2.947871119600191 2.7926051646264263
3.0103254006650895 2.8323063071157577
3.006578688505984 2.8332005243423626
3.014625533404458 2.8309029766203233
3.038376285070519 2.7933176831979676
3.018409973403871 2.829182686316452
2.9970428353298844 2.7685925756557643
3.006891967562118 2.832868145537011
2.981418462568146 2.7695913293048418
2.998066810897468 2.8341400967834818
2.950411390998562 2.8144478105036255
3.02327866243924 2.7764813887789277
2.952908033251071 2.817642631075772
2.9475900979898246 2.8067468399332034
3.025010116205981 2.825009216244415
2.963974619436496 2.8265809144442504
2.96547840769981 2.7755275899713445
2.992845480542923 2.8338674468566323
2.994475364626647 2.8338297868948006
3.038705850701805 2.7983324140014636
2.9840344032597486 2.769675675035784
2.9531258910739173 2.817113442072578
2.952896187956763 2.8167509987371524
3.0314544453755303 2.818967419120751
3.0342375932456815 2.8152677017493115
2.9523737321968273 2.815697500617013
2.953708474621792 2.817372247556484
2.9494421455034567 2.810036501616187
2.9772900246764102 2.831428779941429
2.9502553962582274 2.791211769788248
2.968033358962338 2.8280570655178177
2.9482120670581202 2.804489208475858
3.0293369764837563 2.782473741764159
2.995796947125507 2.8332383594227126
2.9680702952259157 2.774988765878797
3.0045283121974826 2.770635339671431
2.99081995601941 2.7696389190633797
3.0044260043732662 2.8321838660124805
3.0213753639671763 2.8261574799374323
2.9724441249813234 2.773229156636123
2.9623036000585974 2.8245423458938164
3.0374008851068632 2.7968335443283783
2.9485528955634157 2.798393753066548
3.018753069817868 2.827367802861315
2.950485639523217 2.791878701787296
3.0365155063747524 2.808977737461835
3.036389404588198 2.793708542581095
3.0216267016299687 2.8256914762317398
3.036570322528784 2.7944195947002672
2.995253608346671 2.769928664445808
2.9945908726814996 2.832902934716471
2.950192439475357 2.79301880158453
2.9839174279626213 2.770602768166775
3.025562715581353 2.8229948669608524
3.0036740506243937 2.831951865309888
2.949532909704093 2.7952429254045614
3.003633615969342 2.7709150353122376
3.006829525163073 2.771584887558063
3.013712884921654 2.77367838112876
3.018580490184877 2.827031304954051
2.9516479282056665 2.812408350952395
3.036900947664056 2.7976897470450646
2.949507535505662 2.796861213591801
2.963151886702124 2.8242371739649794
2.9491354427555483 2.8014285554733105
2.986784493370862 2.770665743133387
3.0197324389602107 2.8260958438470567
3.001707562849592 2.8317851883746794
2.9510557805483835 2.8101261071130326
3.036813412744626 2.801887049241163
3.026602589271377 2.7815760963387492
2.9772848211413017 2.830183495856044
3.036720424343566 2.802573639800272
3.016687917549805 2.8273750247068024
2.949599960602977 2.8036933467468126
3.0199198674341337 2.777097095738693
3.0361294737933306 2.806408681426478
3.0097545898747753 2.829863956659138
2.9927051752769094 2.832154640031386
2.962078934842788 2.8229256282042496
2.9902979388968776 2.7707435020447764
2.970868655361087 2.7750500108081066
2.976729553998452 2.829710157951836
2.955458468066773 2.8163065123509936
2.9509775517010666 2.79516662363151
3.023404792683071 2.779798296608625
3.0313412687006265 2.815363815643905
3.0160769302800787 2.8271149089650613
3.02596732062295 2.7818011588273546
2.952682807816549 2.8117607740489134
2.950188976293273 2.8005819411076494
3.0268492612948235 2.8201936120880244
2.988010737612848 2.8315282447459786
2.997112358373562 2.771192051643199
3.0272408665857724 2.783096924497733
3.0032033765007426 2.8308375004370188
3.0358303796038393 2.7992263075274875
2.979410671081748 2.772706177298029
3.0188151195406645 2.825601293020705
3.0025438605725405 2.8308144098760097
2.981148611227596 2.772426697038546
3.035229146417116 2.806098742838792
3.0080308642400655 2.773151653304464
3.0347463640119403 2.8078945193591047
3.0077134687217817 2.8297027895335543
2.9733414629801858 2.82799474924899
3.0307190074637003 2.7875433847537057
2.9611104118962333 2.8210626322515946
2.9685802342232988 2.8257474665895606
3.0136802555485938 2.7753373011247326
3.010571388237033 2.7742291447408594
3.034385846645578 2.807383784758995
2.974205653467672 2.8279691276388315
2.9626324907752286 2.780890195305585
2.951280738420045 2.7982444745303923
3.00303013699136 2.7724826424228723
2.9523233835551856 2.808568535942059
2.9973966001880905 2.771830754439452
2.953951978412526 2.790769314780249
3.010896983732464 2.828231484995998
3.0349712454539235 2.8015691123195623
3.0301000362992725 2.787619070616043
2.951915781534138 2.8063555867684604
3.0342709472146834 2.7964145069471096
3.025231909460186 2.8202729150303014
3.007156042838112 2.773610503475132
3.0113189547155548 2.7748616859058606
2.9620801729694266 2.8210800891721632
2.957859757003983 2.8171049725095596
2.9927132023657146 2.8307552618640965
2.951646973646324 2.8033955505873136
3.0098451668992916 2.7744816966682118
3.031384907126855 2.8128469017589404
3.002526919854533 2.772768505920331
2.9719845738135895 2.776154641137689
2.957791232230333 2.786091086157585
2.953078205683091 2.808950925172003
3.004259218918333 2.7731602671433158
2.9871288361255965 2.772400944383558
3.0257374780524198 2.8193951356303786
2.952071774976446 2.804881112434768
2.954235915977307 2.7915558515362875
3.005625040548189 2.829148550070377
2.965065820503852 2.78004713039744
2.95532856581974 2.8129202054679774
3.0007249753814143 2.829917124538888
2.9857855304866843 2.8299243095385886
3.0006513736798897 2.8298862380179464
2.953522684118814 2.7937761424504726
2.9910419907106305 2.830305072304888
2.9581933880862428 2.7862565790140295
3.0330488667290014 2.807673804986245
2.9834188565403097 2.7732614930616095
3.0125264950617296 2.826806433138735
2.959356465416865 2.817625524314474
2.9846103509998283 2.7731417978061588
3.028064559082755 2.81615054579337
2.969585816850305 2.7779194097771986
2.995764202685039 2.8299920422871128
2.957823179965991 2.787230916758558
3.0336447031365243 2.8013482456579695
2.9802517323472055 2.774181559195574
2.965493754591233 2.822321067630225
2.9835151577872 2.7735739333995664
2.9546911469942954 2.792506414311812
3.026909258919322 2.785734850213188
2.9579326046111483 2.7873433122757953
2.9602894579864407 2.8180267784553603
2.955708740257461 2.790660933162296
2.9803190999549956 2.774313598776788
2.965056789802868 2.82185259909907
2.9925358120258565 2.772855190102616
3.0076320073828895 2.7747863096325305
2.9660232170327845 2.7803428080780273
3.032310173851322 2.7950684374128523
2.9871227828238207 2.829464605226089
2.956285727604342 2.790068882972912
3.028859148617907 2.8143192769099175
2.965194517529052 2.7809884489369145
2.9649326932770226 2.781186535804631
2.9581536472902425 2.815269094276332
3.008835502947048 2.8273705859454057
2.95316092183906 2.8015161320164683
2.9591943403291854 2.7864620448963544
2.9736546098014105 2.7767488849669117
2.9803715772455934 2.77466139005498
2.9828137491956364 2.828531349950688
2.983835327016571 2.7740450244058574
2.970534314570949 2.778294754405659
3.0325685143725227 2.803479599270144
2.961943812681518 2.784284469284901
2.9735681090306434 2.777156660199533
3.0083230458523897 2.775670778232797
3.02192116777368 2.820332968275591
2.9569450495176715 2.812127813562666
2.986800108218187 2.82870187106123
3.0316704162232244 2.7967131572362014
2.9734122531368334 2.825248983202779
2.9924602097846824 2.8289688788783374
3.0306547987038956 2.7938857898125873
2.954574068049528 2.7971686545960637
2.9847957986495444 2.7744243002044495
2.9573921200737843 2.7904249987036
3.028673382910299 2.8125188072930203
2.954271224999436 2.801955218642265
2.962701990589192 2.7842925583696854
2.9827154144986743 2.7749296860551858
2.9584836816039326 2.789092347705811
3.029637684065051 2.8100609660015885
2.9546526376719195 2.8029845770323862
2.9631376072996134 2.7842505955808776
2.9823738342019106 2.8274785964096303
3.0108998740690045 2.777219469571267
2.9616366486963597 2.816915882338913
2.955909684590109 2.8077930871570183
3.024471975785743 2.785842243102854
3.014582618630444 2.7789418469455676
3.0289397569830157 2.7918792253834948
2.97014347153252 2.822926888100932
2.9576381810615087 2.7913552757942197
2.955430384206246 2.79717396229989
2.972907482361578 2.8241773311618834
3.0291657179548843 2.810001804094075
3.0303174616594415 2.7959933999621884
2.9716656156900174 2.8234321159084157
3.0222693728358814 2.818427916385466
3.0261818866359196 2.7883524411222496
3.0274435820966157 2.7902187857414624
3.0304864424974487 2.8045297128772972
2.955579197062723 2.7995226586069917
3.0013883212257575 2.7754119652427134
2.9933188344015176 2.7747837949557437
3.0305486743672345 2.7998400176718508
3.030242584928766 2.7982113913055624
2.966381864961959 2.782909648197049
3.0280241056251276 2.8104279597677193
2.9718765244666145 2.8228939422280694
2.996443559288524 2.8274721469325534
3.0254091459323487 2.788405854261981
3.0301575570420196 2.8009131978918775
3.0100514986434126 2.7780400959098674
2.957889410672423 2.793295016738055
2.9671672906823376 2.7826767805239063
3.0284119744195674 2.809120127848529
3.00948312348744 2.777886931244437
3.029743149514976 2.804856345024243
2.957883011330062 2.793431584401519
2.960484135759627 2.789193171426243
3.028087728747976 2.7931764984392475
3.0277170089611527 2.8100785599301723
2.996080458034 2.827206977449391
2.995379740825967 2.775412239952729
2.9789319697989223 2.825212451814303
3.0259142229489417 2.812852165359355
2.956498273583902 2.801372302688097
3.0286840503166683 2.807429549293627
2.9773068408075214 2.7780107748961083
3.029459309947884 2.8039032772190255
2.9988919515586088 2.775813786076548
3.0014923922706274 2.826428281847668
2.9967915740520343 2.775670528034912
3.006140470803582 2.777311634241193
2.9703358917521867 2.781440104116239
3.0247253450396 2.813653908518413
2.983944279613459 2.825925701375813
3.024694252039546 2.813531214793827
3.0226340024944145 2.8158263083789308
2.991671800992747 2.7759254803932216
2.9673177293373443 2.818892529596928
2.989181854954049 2.8264063909558343
2.9591201379067105 2.8089927396925285
2.9592103354657655 2.7935128701638257
2.96186533855844 2.7892617251726293
2.9898906708792934 2.77626342098939
3.0278782850832373 2.796099424045089
3.000098435514621 2.7766631853147654
3.027740143536683 2.8068853753470173
3.0129317788960455 2.8221279465789055
2.9586431443312917 2.7962460577783776
3.0009865959901276 2.8255390881920577
2.9646713744019566 2.815926170586513
3.0130413880567724 2.780837810708543
2.9633412953360643 2.8145040111166857
2.979096803165918 2.7785424160744294
3.000733505778823 2.8254975365799844
2.986849213010486 2.82565912391668
2.993539513396345 2.82603764166718
2.986834359976944 2.7769638005580806
3.015517754907713 2.8201876470686633
2.987494203272072 2.8256023299716415
3.0214482568681333 2.8155699337819473
3.0267206924448136 2.795180726830858
3.0257892973697236 2.809557962854623
2.971989864654244 2.8207146769528895
2.982421383036196 2.7780112836792674
2.9929237204384105 2.776813310787799
2.977939182518272 2.823291032035433
3.022527241009278 2.814169552449801
3.0088467637830423 2.7796170951570787
3.0271147562216965 2.7986058764147694
3.0265735473418025 2.8062221791266975
2.9619902759075667 2.811273631501145
2.9795531643919926 2.823454500531729
2.9771724155108235 2.7799555726911587
3.0250812970767553 2.793019453927035
3.0062893728489817 2.8234533148958194
2.994234851049012 2.7772850353117566
3.014864159493685 2.782861409549371
3.0229533968104176 2.812648078983596
3.0211742481620285 2.8147179555227013
3.001873088159461 2.8244211857249053
3.0198152089332413 2.816031702791242
3.0083476206101443 2.779907960395793
2.9742368664987624 2.8211613811986447
2.9634988118807315 2.7897282438227284
3.0155663015374716 2.7833989753153165
2.9989599124230253 2.777720835817668
3.006918813374943 2.7794560934916874
2.959307439667034 2.800610251921447
2.9709924074114817 2.783226838918803
2.994359460791989 2.825165052986367
3.0214268405919933 2.814352902070554
3.010436081795456 2.821791074108079
3.025354078206546 2.808416970142166
3.0199910040588924 2.786889868906653
2.9947844118911373 2.7774885694404894
2.9808932289745913 2.8234827151214703
2.9616095210131994 2.8097455640393463
2.982953878487188 2.8239809979335706
2.962117369215584 2.8105980033998024
3.0232263789834324 2.8118692888832637
2.9672863665777633 2.8165163341993864
2.9606600329922452 2.795120685160677
3.026538769416327 2.799355034631874
2.973239592599939 2.7822264549536753
2.977833132886572 2.8223615541429425
2.9709775123798328 2.819012758166475
2.9964931957500434 2.8247812097288545
3.024361997073494 2.809645247737911
2.9724763256285884 2.782795952654178
3.012696495691553 2.7822534868623605
2.961098335394992 2.8076905839814543
2.997260857823847 2.777975107065844
2.9817273317737323 2.7792172758442453
2.9617322186406554 2.7937138379959707
3.0110211873496433 2.7815616285181264
2.9685191409578238 2.8168922194131167
3.0249577172916977 2.8074781938530764
2.9711855705180508 2.783892775431645
2.9650144098647226 2.789241869713077
2.9740697299282477 2.7824513967622138
3.0064970166524767 2.82238082883332
3.0256004625161745 2.7990474724811287
3.018322025458508 2.7866308162295024
3.0253541827286945 2.797815253045748
3.004858564598672 2.779766073294305
2.9605508234536746 2.8010144559780197
3.0143213370450876 2.818551078577401
2.9792500847281307 2.821927819745598
2.977770303387606 2.8213696401558157
3.0016256450293026 2.823286935442461
2.9701762624025134 2.8173419334945566
2.9670854562790483 2.7878257474555483
2.964038962477431 2.7914291037238743
2.992156675734904 2.8240265312213793
2.968283357255161 2.815725687438797
2.994400735066927 2.823766712722385
2.9789998609791892 2.821452823343094
2.9725205150470697 2.8184255285422255
3.02265684765245 2.809541540662873
2.9712884758643514 2.817555518466222
3.0202535653430567 2.7897945234758743
3.0215334856704827 2.7915208160760847
3.0112810438909854 2.819529078912482
3.0213264457351547 2.811235475109364
2.979613559160381 2.8213430037928227
2.96174274301914 2.800037910335132
2.9878131612963026 2.779395363489426
2.971585005047464 2.785141438441242
2.966494589495961 2.812873669505342
2.9933234797617505 2.7791614379047997
3.0186118047577857 2.8140022560700166
2.9620915046235674 2.8037212066222397
3.017047082430033 2.815416010547959
3.0233517576981295 2.806631868378501
3.0036755147370537 2.7805269965014694
2.968480598134841 2.787790809296289
2.985071324925567 2.8224989256372353
2.9766205010564772 2.782650387295074
2.995342294212034 2.823147556999246
2.964013580559801 2.7936692325610784
3.017246576441282 2.7875110211776164
2.9677789318885726 2.8139128738999934
2.9633442630641715 2.7953378456097235
2.9852345925092862 2.8223779335217474
3.0034542284793977 2.780727424282527
2.9826791131875967 2.7807618193775467
2.9649408075414296 2.810014181336142
2.973585932945675 2.8180562659701676
2.9630372611571714 2.796894971926889
3.023364083865181 2.797690011252045
3.0143364246293416 2.8168745549737224
2.962525311678182 2.800932392034689
3.001768679733744 2.8219753582510876
3.022852849287933 2.796344988335771
2.9938501724541142 2.822781130521798
2.9789130149314995 2.820280800355043
3.0230206889254796 2.797387154407171
3.0186640544709906 2.7897349026559493
2.968219767333864 2.813476489083144
2.9636235684388446 2.8060953277182032
3.0203041973076052 2.8106516597902864
2.9704625097995114 2.815431911682592
2.9811843274236125 2.781648239531183
2.9786934217073364 2.7825410712805048
2.969494953637576 2.788122117522172
2.996414308666602 2.82233655662107
2.9832761197401436 2.821263920614883
2.9641566843206406 2.795867149350805
3.0134346887811434 2.816704565911921
2.968173596255912 2.7897240894662763
2.9831963947651294 2.821104692364775
2.9973464650571744 2.7804055446308613
3.015057700373252 2.815478414302812
3.0022476866094157 2.78126229355774
2.994024330710943 2.822210109601371
2.9668422145925133 2.7915251973831294
2.979759212730449 2.7825454556549873
2.9757809021777315 2.8182060332586145
3.0226479683725094 2.8016483485365433
2.967932808144927 2.8121465742066714
3.018419991120927 2.811973166440241
2.9708757356640616 2.787579211506428
2.980468556422246 2.8200617226193114
3.0212116478027418 2.807492179765607
2.979902851174836 2.782643807196239
3.0162264993847767 2.8141341396952053
3.0107835534406178 2.78464950031668
3.0009958829829246 2.8212268259447764
2.964944984233146 2.795495815120482
3.022072066300338 2.7980257872171217
2.9722243247657287 2.815780998705719
3.0024285645605286 2.7816049735585158
3.0223625850688594 2.8022752360192587
3.0117032967878754 2.8172188659099184
2.9638885653934115 2.8019850249534084
2.9957222145468125 2.7807451450846936
2.9645077563804185 2.7975948319340653
3.006651647040664 2.7830562026743495
3.0202173916345423 2.808548537528523
3.0200834313293994 2.808784955687859
2.9934164492052244 2.7807353475968593
3.0077780497260043 2.818836053870477
2.9670545058968645 2.792484473228805
2.964390115051651 2.7992899203167876
2.9709904438208383 2.7881664251133857
2.990116940185221 2.7809735170865824
2.9643295765600035 2.801936102641381
3.0010666013750686 2.781685779050172
3.005612975667165 2.819439102101495
2.9804839415532243 2.7831207224643864
3.0112157789680296 2.7856868615288604
2.96819274807715 2.8110090303362147
2.970675648694944 2.7889246293708148
2.9833257353983313 2.820077550317604
3.0213720045690446 2.802760447924107
2.981295873171092 2.78303168204638
2.9842847782054562 2.820249268459818
2.983321261544663 2.8199400246876016
2.9894921284458915 2.7814643827920102
2.990459238808202 2.781411474209283
3.0199654296646106 2.807188610223756
2.976927575243697 2.784970776851397
2.9754032222303426 2.81665041485959
3.0185224514333346 2.792823975486636
3.0204181250468016 2.7967705675114436
3.0210409603222073 2.802367560934951
3.0005417901753213 2.8202894063699375
3.0187437994169897 2.8091299448920335
2.9723523825394285 2.7880109639834396
3.018516930683118 2.7930496359766814
2.984900226961683 2.820090454058745
2.9996180194447986 2.8204027027492877
3.018354419061872 2.809551496773939
3.0053263469205787 2.8189125100262515
2.969554332346311 2.8116193071631725
2.9928792465247716 2.7816112547230567
2.9657864487047814 2.797952259341989
2.9664984927304467 2.806729302460687
2.99509378058151 2.820774579465949
3.0160797233255514 2.8121884203603837
2.9844766691741182 2.819830496191647
3.0027987519308734 2.782937674837348
3.018782905477538 2.8084154165708375
2.9745044856881018 2.8156400092758878
2.9709537993886053 2.8128439168544697
2.970701686516506 2.7899492928354706
2.9656399392384936 2.8020669263285147
3.0163099847292054 2.7908091637024564
2.976441546017048 2.8166882752240907
3.011600836216133 2.7869192661284097
3.012780810114319 2.8147308097243755
2.9851830708949767 2.8197017040077954
3.0203829378865783 2.800356487539515
2.9842254305715783 2.8194803436364175
2.9668025835680503 2.796201882258931
2.976701022427574 2.8165772595286764
2.9666211657585255 2.797242607582886
2.996153254227878 2.820240234096306
3.0056786902415666 2.818171667101044
2.9881257175559113 2.782470686534742
2.9664922231443884 2.804239361609602
3.0173889778106364 2.792968479432049
3.0027394144714887 2.7834884322593867
2.9863512326742225 2.782844841134966
2.9990123816617564 2.819727898066269
3.009154517576435 2.786028822754576
2.9670080882272436 2.7969169782610983
2.966572049457772 2.803906495586754
2.971119925580232 2.790442634014567
2.967018849835534 2.797107973404747
3.0122823183257372 2.814392962335368
2.9838840485022864 2.7834882485705768
3.018454035596298 2.807130226252361
3.0176030052552836 2.80870835159039
2.968012667777642 2.794973692755032
2.9920950545211458 2.82002223941904
2.975926264689035 2.8155906151353767
3.0184999143186557 2.795942171500314
3.011872331381636 2.78804484735941
3.014079523286931 2.8125741410781786
2.998439836654347 2.8195011103211822
3.00606269638434 2.817430378402348
3.018613222470833 2.8056934606933357
3.0183889822847294 2.79622294275664
3.0150859949492457 2.8113507016696113
3.0142411781616114 2.7903983790631366
2.9977438338828097 2.7830622472078472
2.9685105872327866 2.795185610276864
3.0105046387166245 2.81492102988453
3.0018328220714356 2.8185562510099476
3.0180684406970526 2.796014988557033
2.992274033613047 2.782846894687054
2.9879455586361607 2.7832218661184243
2.992356198540331 2.81956285527466
2.984960260048925 2.818639841361334
2.9865546410551924 2.8189566567135325
3.0183142682092443 2.797216737845558
2.969329246609723 2.8083672828365644
2.981162009892761 2.7850790724344945
2.977540035165486 2.8157224138500485
2.9987986394210986 2.818965286466701
2.972193367282987 2.7906457260303825
2.995597893462318 2.78311684767268
2.970235562854911 2.809465618723157
2.9766632114458487 2.7872896124668634
2.9771800076024673 2.8153599176007615
2.971330229554164 2.810690321636973
2.9713202826717184 2.7917860654191906
2.9753373829753755 2.814060793492591
2.968502727514719 2.796788427982281
2.982501392529733 2.817515917104925
3.0011482073737645 2.818217007480686
3.018403679611097 2.8001639325017065
3.0152227604894533 2.7925919484986728
2.983566869347986 2.7846875137251867
3.017845232882708 2.797732758542453
3.0029555522393157 2.8176159468599944
2.9679170509011015 2.8016863812267405
2.9685492441318178 2.7973317854588577
3.0181647376833394 2.799784895663842
2.9900343389240707 2.783567305268126
2.9907585844026947 2.78354596684238
2.9698199551811784 2.807781596962387
2.97100079224896 2.8094848291936207
3.017800509486108 2.803802113476223
2.9819936036966426 2.785434249708529
2.970339662095905 2.808363459588673
2.9719708163504683 2.8105086805853445
2.9814371813767 2.785668156762753
2.9736024506737952 2.7904524628620884
3.017681152323812 2.8021084644057277
2.9769608125339575 2.7880893337035384
2.998764495324485 2.8181305178754212
3.017640090400722 2.8019807626418096
2.9831846008801395 2.7853482641951786
3.016839587032467 2.7968495672626155
2.968714351972648 2.800569826287585
3.017236039177038 2.798732455420617
2.9873973394346254 2.7844657708537657
2.9854520922945023 2.817537924518308
2.969350107784533 2.8049122968881672
2.982551041970475 2.816687225335228
2.9849488443321843 2.8173901174194285
2.9973884808809483 2.784284859147837
2.973048179784903 2.7915654847759863
2.976713329104699 2.7885772318854225
2.9719041603579264 2.8095125513981687
2.973692529214831 2.8114534251030188
2.9915923977201615 2.8182741866359855
2.9984555454129405 2.7845294679809514
3.0118042875831685 2.812012443872928
2.9696313188568175 2.805077616770117
3.017115835080233 2.801790828418863
2.9988794999138557 2.7847281981872096
2.988275793744783 2.8178192648571168
2.9901271315843125 2.784367352476874
3.0157454948924483 2.7956144258670994
3.0051253281692327 2.7865759086991133
2.978108349766575 2.8143617918963315
2.9911733899563675 2.818039752729345
3.011799922026328 2.790693653173636
3.015555344135545 2.8069161926299153
2.9793977352810126 2.787477960438274
2.9708756090066997 2.807024683597878
2.9833797107071547 2.816460667453482
3.0008574885500927 2.816997671141257
2.9916618335711798 2.8178840011492436
2.970166927948008 2.805229771303562
2.9906340007374768 2.7845809979590213
3.0136213126190166 2.8094363823958064
2.999972767274499 2.785275017571531
3.016572003057939 2.8021970606247955
3.0039288012511323 2.8159311280116746
2.972409873570573 2.7933947553703273
2.9725774518007366 2.7932195421757102
2.9934527062689247 2.817694664525395
3.0152199501239876 2.80636184579353
2.9721108439217274 2.808296228649094
3.0100924546764967 2.812451538846408
2.974771648053414 2.811261444906048
2.983146070017229 2.7863901346563678
2.9859424464150197 2.8167546220855435
2.9896439984559993 2.817338345021809
2.970253409264129 2.7988899788211183
2.9810326149820576 2.787287782940548
2.9717493350741133 2.795022650889007
3.016147527108769 2.802160978441917
3.0094686595095506 2.812705906849056
3.0107095508506543 2.7906739282668203
3.006139437646749 2.8146029868018467
3.0160854088279017 2.8017522832097947
2.971821811001814 2.7952842920328695
3.015385489185855 2.797571047860949
3.014855002766131 2.8061579281045166
2.9954337537750444 2.785170007081014
2.9922088922349306 2.8172226116268133
3.0143060328304476 2.7954796158449255
2.971192014340308 2.797111428102479
2.971248346205298 2.7971324649255527
3.010775884357124 2.791253943072936
3.008383962142048 2.789448825180573
3.0084959833735225 2.7895256817156886
3.01049486363181 2.791060557451237
2.971326237321667 2.797151348469424
2.9716297722687974 2.8059169460148494
3.0125474223830695 2.8091912767618146
2.9708475380434796 2.8027654434421976
3.015466310335305 2.801437291198756
2.9874014866021703 2.8164542565663417
2.9834863391037554 2.815418838727626
3.007408363448664 2.8132854596568766
2.9784432781912673 2.8130174346728527
2.973433385994631 2.794068941265712
3.003501457307751 2.787398108696642
2.9850291486807623 2.786649148257224
2.974549095899042 2.792805439073737
2.996415673809244 2.7858382015444856
3.0137416423173784 2.80643322582217
2.9782244658049164 2.7898748433197174
3.0146155091862195 2.8037794956167925
2.997056653661328 2.7860311160873055
3.0044383201426337 2.8143201729350436
2.9784837419223864 2.8125538556572294
3.0121614316825673 2.7938783665521925
2.994890561053672 2.816421173953098
2.9762896179970117 2.791628098252212
3.012890854561636 2.795105357245328
3.0144883388892834 2.802868430774872
2.9903070338606126 2.8161983908502597
2.974214264870596 2.80832659736235
3.0143933597349766 2.799762209352554
2.9814807966245134 2.8137429273932613
3.008144081766828 2.7906899276072936
2.98797268359198 2.7867058096270503
2.9986326896172244 2.786818817735524
2.987627504917596 2.786817287449212
3.0089324828126185 2.7913991712138198
2.9721050897543284 2.801314634436511
2.9816690353047175 2.788776395323218
3.0129480282486902 2.7964677672813627
2.9724091144312443 2.8033080397026393
3.0139163671778983 2.799898002081775
2.9894235636753406 2.786669672490646
2.988071183745707 2.7868770296927527
2.977528794439137 2.791419314699974
3.0136823007252738 2.7989680332468234
2.9765648312077526 2.810108072258011
3.0131097034871477 2.7974307251765262
2.972537366282925 2.8026770814245676
2.9822667489285775 2.788746480626656
2.9727339793049357 2.8033839970895436
2.977347129712239 2.8105414183075568
2.9729429679396837 2.7983404378364347
2.980821755628758 2.789550275825914
3.013349501727868 2.8032358578554906
3.0128414518480353 2.7975730932831757
2.9971590710888862 2.78707719264208
2.975082939075496 2.8077982328310567
3.0067113511509262 2.790539915110185
2.9749191529179186 2.7949460440867013
3.011889771066829 2.7958997270739223
3.0049468310759426 2.7896012992531345
2.9870616381020842 2.814799774341425
3.0004204385618065 2.8144742729795014
2.987662880124903 2.7874737839467176
3.0131810887216908 2.801541238399789
2.9735945845652934 2.7979508255750347
2.9953108405709465 2.7870932795211116
2.995364825943591 2.787098197655762
3.0115638777701244 2.7961102526959634
2.980740793773566 2.812039953229725
2.9981082146236178 2.814659571054135
2.981628688484341 2.789844441074636
3.0108957788799007 2.807170881829931
2.9964866699992267 2.7875643246755493
2.9744263436353395 2.7971965519598574
2.984631762427647 2.7887631434560234
3.007401470891222 2.8105424605144447
2.9860495446866775 2.788349868404177
3.0018251595000645 2.8134421242765906
2.9913394828587725 2.787538175368657
2.9794771871063848 2.791471416584514
2.9865705335941217 2.7883269570035023
3.0118095971576664 2.804514932275446
2.974063022318541 2.8031972747978178
3.009617748773898 2.794160958950931
2.977700827881095 2.7930086759514205
3.0121763459046087 2.7994247956554896
2.985213355375211 2.8135503703331803
2.9977033305462792 2.814321333744958
3.010039361169335 2.807423435912803
3.012131563978087 2.8020145125229567
3.001553213182533 2.8132464199946687
3.0121568921288193 2.80105469001616
2.9844301546888117 2.813155957391635
2.979983703880336 2.8109117188623283
2.982045608044271 2.7903261171103577
3.0047143254759834 2.7906153724205556
2.99612789193064 2.787992256357588
3.005141045471746 2.7909024927829664
3.00716627905075 2.810057785981979
2.9845577120738955 2.813049510519771
2.989104490914611 2.8141867395442848
2.9832605248643085 2.812520137738315
2.985492414319182 2.78899230623014
3.0117773188061387 2.7996263515882216
3.0080815026610725 2.8091642755621904
2.984066810746067 2.789621138779703
2.9892761076450873 2.8140791819035544
3.0055494061498016 2.791453850693928
2.975025501172081 2.798362973656125
3.0098384679635792 2.80670210793855
2.976504828174062 2.795540955302452
2.9953355261013224 2.8140465341400707
3.0093687780128837 2.8071005347077693
2.9748762433931764 2.802043636111769
3.003868921750754 2.790720728992418
2.9879849855632723 2.813558802881527
2.9828323811079342 2.8118197529224016
2.978419399369514 2.7935604583661484
2.9749738600892432 2.80102592446587
2.9771428960024178 2.7950918373027034
2.9795935819555934 2.7926608216056197
2.976177773406455 2.8053159478758327
2.982391889845875 2.791024636654233
2.980917009160188 2.7919177994585134
3.0091667299219487 2.8067283516653396
2.9925653967654338 2.8137831861969453
2.9761045454422335 2.797314758447606
3.003601933085296 2.7910478718755796
2.9931428409117222 2.813667080187145
2.997302999907508 2.7890604812817017
3.004367743744955 2.791615484661507
3.010543455064671 2.7996688808113825
2.9911734361066737 2.7888292486693818
2.9802367730885204 2.792802197713915
2.9938932291278686 2.813459636463172
2.980956023331411 2.8099644042832113
2.981100158089038 2.8100576662027548
2.9976156849282107 2.789282207411782
3.0093010819558224 2.7966990428259972
2.990842679534392 2.813205231461245
3.0056089382867377 2.7928877707083166
2.9848093085783773 2.790584355036379
2.9771556846107874 2.79681391023951
2.9923525464430956 2.789088029451255
2.977441884446632 2.8059228163938963
2.9881545674639254 2.812662200959086
3.0066034605649268 2.7938518427927503
2.9931695830469036 2.813167592799825
2.994331243441302 2.813114458493355
2.980104132800465 2.7935484928482617
2.9776715118355157 2.805985978842892
2.977419396472478 2.8052293412048446
2.9856379896760727 2.7906213147772716
3.0066258863738264 2.7943027925526804
2.994577439674257 2.8128547314503205
3.0059190278636643 2.808637057534656
2.9946422300514666 2.812837709122861
2.998309883584 2.790026865431441
2.9847737932926286 2.7910361269345927
2.978389664002139 2.7958315669678275
2.9952833161435444 2.8127181745557706
2.9896954342345223 2.7897488582736147
2.979112981711054 2.795066401474484
2.9837363154165604 2.791615842134229
2.9862810827181034 2.8116757113506963
3.005189538098791 2.793401612677747
2.9792902244727393 2.7952134528102306
3.0075874052430605 2.7961738797019926
2.9939365899893042 2.8125176448047737
2.9898636128578415 2.790025518958012
2.9905467103923646 2.8123226737665625
2.977182319572311 2.8004077553418947
2.977167851514817 2.801527759039218
2.978813570711969 2.8060024700925283
2.993122133552624 2.812334934729787
2.9808048549932797 2.7941284463539096
2.9821727899196437 2.7931947364226706
3.007574393849538 2.796875027289643
2.98677745972014 2.8112499135217712
3.0065257834554227 2.7955054982221554
2.977579200549765 2.8008337606382137
2.979333572951032 2.7960997448542346
2.9776142536590875 2.80070990655983
3.00840702732231 2.7993878950112223
3.001587142269298 2.7919891755455044
2.98121492868757 2.7942072363363
2.989754027381642 2.811733220171316
3.004664220720872 2.8082675055522084
3.003073732188618 2.809364365261249
2.9789417421922995 2.7971727163751865
2.9803900500646927 2.795338565056687
2.983742317780359 2.8095634788361057
3.006441213067983 2.7961062434495343
2.9963956146744533 2.7907271822026307
3.0040114754667036 2.8085289846802866
2.980496162108798 2.806959065716641
3.0081528037172762 2.8010021098847213
3.0001273714064967 2.791741047923445
2.9846406450395 2.792373564593791
2.9785836466190356 2.803864098673707
2.9836170000480844 2.809333195610657
2.9993800260291192 2.7916057470822664
2.998109827533621 2.8110534133970475
2.97907906509705 2.7976922742033645
2.9791913578887 2.8047812056269024
2.9858097344496883 2.79203014386733
2.998879807685178 2.7915168349440784
3.0078405790154967 2.800383365397996
2.979142929594337 2.7977997907367307
3.0029818695456227 2.793413771644941
2.978688051922025 2.803235391363507
3.001048322872215 2.792386008682363
3.005063978130158 2.807190477599276
2.9793620281573787 2.8046653937715034
2.983792109162922 2.809076098920344
3.0051044426898397 2.8069069537458935
2.9945872731181566 2.7909780468179224
2.9797611006803253 2.7973955279165557
2.99681686835099 2.8109510573441465
2.980625758769509 2.806153719885493
3.006996863990214 2.7986354968478655
2.9947647842782334 2.8112085600617185
2.980968635725537 2.8065087865715785
2.9804685901988295 2.7964241374184624
3.007393309945738 2.8013732675309875
2.9876506972441947 2.8104381803142795
2.9978419049677245 2.810632857624644
2.980750986112879 2.8060542181825716
3.0072562930290436 2.8014657936285663
2.9976341145023335 2.791709524393495
2.9910004167596025 2.810982252424253
2.9793210233299696 2.803029633013583
3.0047491454059347 2.7956065158638004
2.9966965205378324 2.7915566812326933
2.995404111615367 2.791397208502502
2.9803317131097757 2.8051092517391023
2.980065741070306 2.8043392997919367
2.9842724427872476 2.8086415183395457
2.997791008282718 2.810321908512173
3.0043533508165394 2.795502011185212
2.9947846806752123 2.7915196632064063
3.001192178407661 2.8089542925088455
2.9815422315992945 2.7959873582311614
2.990683810112547 2.81055098933902
2.9978259458598915 2.792179499500924
2.992927474522075 2.8106929904871683
2.9916011644040545 2.7916549861357094
3.0051102715959797 2.7967840954766965
2.9865089831650486 2.792906598033496
2.990076463035829 2.8103238886525546
2.9868274676995106 2.8094479068571063
2.9798251277527465 2.800487149680354
2.980678454915309 2.8044292474922976
2.994248459710967 2.7917994324351705
2.994958528096113 2.8102994425134127
2.9804804181539164 2.7989799841529726
3.0040215743005887 2.796232031040906
3.0056739966695885 2.8027757019960307
2.9890417463938417 2.7926301820953894
2.984357487692434 2.794653085909885
2.9817220846043435 2.797292832211858
2.994731452079492 2.792420059484639
3.0019914561144163 2.795071962076921
2.997310753173323 2.8093415245354363
2.9810608166189745 2.7996081529597854
2.9957283266774 2.7926893909838606
2.9834694615898845 2.795825943208433
2.980940063477032 2.801903799099355
2.981001407206219 2.801782697562572
2.982025781029915 2.7976823276762257
3.0017054904949503 2.795187396290806
2.999398377289151 2.8083570356022394
3.0044529555413395 2.7984082085371624
3.004325314224956 2.7981891278267703
3.0027923885174683 2.796231602781809
3.001102622032461 2.7948918992656697
2.9999049169246126 2.79424296715911
2.9894948260555565 2.8090877247409676
2.987991530202211 2.8086516160672432
2.98377352239706 2.7961130065992905
3.0009185919889063 2.7950157162956053
2.9830245087119165 2.797407417049111
2.997666240935561 2.7937896639983144
2.997163497488336 2.79367038293084
2.9856901437413237 2.8071607066039395
2.981970325532479 2.8023860065452166
2.983099924961337 2.7974616266205454
3.0042211071879343 2.800696637421506
3.002335060745351 2.80548210260758
2.9982680319896193 2.807953324970614
2.9968144370484295 2.7939214589590122
2.982453598660571 2.8025272632591847
3.003219283945388 2.8038535542444603
3.001227351880098 2.8061461322064627
2.9896142069660137 2.7939340507746735
3.002541461913872 2.7975264637723014
2.9833002523828673 2.804129905955816
2.9925302122468294 2.7936100757733913
2.999512253933043 2.806983392785469
2.9858287033568547 2.795841063877395
2.988040816070897 2.807531438025018
2.9834911802500335 2.8036095571372415
2.9833906333997495 2.799066713175497
2.9870956941344176 2.7954270128956313
3.0019638870481784 2.8044904108929876
3.0002844507823734 2.7961733172458314
2.9982085329226487 2.8072184375495093
3.003049929387991 2.8005548908462394
2.995682955245358 2.8079244501124623
2.9959466372479477 2.8078107809334463
2.9965110499036003 2.8076043040671648
2.988108838096828 2.7952249290004296
3.0026889045564102 2.8003533047067988
2.9963584037361035 2.7947165222647445
2.999618961918879 2.806143387063572
2.9993566737560187 2.8062842619571757
2.9863077020795323 2.8058332365798666
2.999318535275224 2.796034682193387
3.000179210761986 2.796727271589287
2.9897655324980006 2.795174406443178
2.9945151538591475 2.8074465758110807
2.9845497687389795 2.7991256372573248
2.9986199716955597 2.806075161790982
2.9842931641702237 2.8003454212206496
2.984568795996907 2.8028266965751287
2.9851106678219823 2.80369071654401
3.0018354575145905 2.8010784465560468
2.989437600214169 2.7955305538125303
2.9951987660790462 2.7951719207418284
2.9999739079465595 2.7974856173571516
2.9912901207838583 2.7952006858043807
2.9885191155308077 2.7960606542941195
2.9997035239052128 2.7973322673292462
3.0015990115651308 2.8011660734899917
2.9878562532999124 2.7964490256341517
3.000266101507722 2.804279176498113
2.9864594019237796 2.804719911807517
2.999756796253 2.80467656494962
2.989027649376727 2.806231570162776
2.9898327661671225 2.795737640637868
2.985062385500861 2.7999685936776046
3.0012062827405988 2.801749453457618
2.9858366358773787 2.7987243058004028
2.9854912211236955 2.8028526650165517
2.987138817712762 2.8047877054874752
2.9856994305476974 2.799639188214843
3.0005754038803056 2.8024119702910157
2.9932128741703465 2.7957258083738012
2.999253547080629 2.804254858670296
2.9859463042240915 2.8024073948019006
2.9870277335676954 2.803824701555401
2.9982202654180123 2.7977295969312985
2.999199377287704 2.8035152705581554
2.986293327583172 2.8016993895699094
2.9870136389750845 2.798921777615554
2.9864521616814383 2.800058172780569
2.9873081561163812 2.8032227116450557
2.998450586153592 2.798719553732296
2.998829486462954 2.80301526304475
2.9992505704628436 2.8004903822627365
2.991967868237535 2.7968223275267556
2.996159834692922 2.804863768572932
2.9871790877601208 2.801582382621546
2.9977243608750364 2.8036277066440665
2.9882670243614218 2.803334719579361
2.993395738203486 2.797257969572274
2.9926939274072994 2.7972898248134332
2.9893818770235154 2.798582983272242
2.987993212592296 2.8007209914438707
2.9920656054243984 2.8046513488507063
2.9965164494162515 2.79843591116069
2.990701662557449 2.8042586197631807
2.9881508221985307 2.8017775610684077
2.994834004340196 2.8044537501860693
2.998077493423133 2.8011935006775017
2.992646428043107 2.8046082830083514
2.992208956890323 2.8045305973383754
2.995692017071905 2.8038584591462037
2.991289794981491 2.7981473487143282
2.9905799132062434 2.8036768756000168
2.9959525634393014 2.7988334073959735
2.993569174481906 2.8040079549278776
2.9947249354953427 2.803693731286109
2.996339983856551 2.80218055036203
2.990358721214812 2.7997721750052236
2.9934751952810936 2.7987964085666923
2.9962180361617623 2.8003909122503052
2.9917011832673968 2.7991929422579096
2.9926765459106286 2.7990807444024455
2.9947640413892347 2.799606720847701
2.995299729849648 2.8021152608409956
2.995102977783022 2.802220593687519
2.991812139565603 2.8023579837103894
2.9910678308925087 2.8011276716193905
2.995006412087384 2.800616805259826
2.9928665187464047 2.800721379989138
2.9930674166074622 2.800861653053885
